 4.00000000000000e+002    8.87798908485917e-002
 4.04301075268817e+002    9.25320395570254e-002
 4.08602150537634e+002    9.64427671935882e-002
 4.12903225806452e+002    9.64427671935882e-002
 4.17204301075269e+002    9.25320395570254e-002
 4.21505376344086e+002    8.87798908485917e-002
 4.30107526881720e+002    8.17258696369288e-002
 4.43010752688172e+002    6.92547296419375e-002
 4.47311827956989e+002    6.64464694369004e-002
 4.55913978494624e+002    5.86866508620256e-002
 4.60215053763441e+002    5.63069233396625e-002
 4.68817204301075e+002    4.39234686547205e-002
 4.75268817204301e+002    3.57115737097003e-002
 4.81720430107527e+002    3.15410687098267e-002
 4.88172043010753e+002    2.67279895071290e-002
 4.94623655913979e+002    2.17309469545582e-002
 5.03225806451613e+002    1.76681472961469e-002
 5.09677419354839e+002    1.49720372472572e-002
 5.18279569892473e+002    1.26873460796958e-002
 5.29032258064516e+002    1.07512924185024e-002
 5.39784946236559e+002    9.11067515160891e-003
 5.46236559139785e+002    8.04670310207450e-003
 5.56989247311828e+002    7.10698490896153e-003
 5.67741935483871e+002    6.54229822350163e-003
 5.78494623655914e+002    5.54396174330584e-003
 5.84946236559140e+002    5.31915562215760e-003
 5.89247311827957e+002    5.10346532728048e-003
 5.95698924731183e+002    4.69796862833749e-003
 6.06451612903226e+002    4.69796862833749e-003
 6.15053763440860e+002    4.32469073804883e-003
 6.30107526881720e+002    4.32469073804883e-003
 6.45161290322581e+002    4.69796862833749e-003
 6.55913978494624e+002    4.14932572021471e-003
 6.64516129032258e+002    4.32469073804883e-003
 6.70967741935484e+002    4.50746729490244e-003
 6.77419354838710e+002    4.50746729490244e-003
 6.86021505376344e+002    3.66475498124560e-003
 6.98924731182796e+002    3.23677387078434e-003
 7.07526881720430e+002    3.10552358216112e-003
 7.13978494623656e+002    3.23677387078434e-003
 7.22580645161290e+002    4.14932572021471e-003
 7.31182795698925e+002    5.31915562215760e-003
 7.39784946236559e+002    6.54229822350163e-003
 7.44086021505376e+002    7.40735094897498e-003
 7.48387096774194e+002    9.11067515160891e-003
 7.54838709677419e+002    1.16792708555607e-002
 7.56989247311828e+002    1.21728776919430e-002
 7.59139784946237e+002    1.21728776919430e-002
 7.63440860215054e+002    1.21728776919430e-002
 7.65591397849462e+002    1.16792708555607e-002
 7.67741935483871e+002    1.07512924185024e-002
 7.67741935483871e+002    1.03153304732649e-002
 7.69892473118280e+002    8.38678491973621e-003
 7.72043010752688e+002    6.81879862910996e-003
 7.74193548387097e+002    6.02247881394288e-003
 7.74193548387097e+002    5.54396174330584e-003
 7.76344086021505e+002    5.10346532728048e-003
 7.78494623655914e+002    4.69796862833749e-003
 7.80645161290323e+002    3.81964034479101e-003
 7.89247311827957e+002    3.37357125567263e-003
 7.97849462365591e+002    3.81964034479101e-003
 8.02150537634409e+002    4.32469073804883e-003
 8.06451612903226e+002    4.69796862833749e-003
 8.12903225806452e+002    5.77826895742741e-003
 8.21505376344086e+002    7.40735094897498e-003
 8.25806451612903e+002    7.72041150841530e-003
 8.30107526881720e+002    7.72041150841530e-003
 8.34408602150538e+002    7.72041150841530e-003
 8.36559139784946e+002    7.40735094897498e-003
 8.47311827956989e+002    6.54229822350163e-003
 8.53763440860215e+002    6.27700983315580e-003
 8.60215053763441e+002    6.81879862910996e-003
 8.64516129032258e+002    7.40735094897498e-003
 8.66666666666667e+002    8.04670310207450e-003
 8.68817204301075e+002    8.74123978450020e-003
 8.70967741935484e+002    9.49572414948803e-003
 8.75268817204301e+002    1.16792708555607e-002
 8.77419354838710e+002    1.49720372472572e-002
 8.79569892473118e+002    1.69517087914407e-002
 8.81720430107527e+002    1.91931416015179e-002
 8.83870967741935e+002    2.08497630431377e-002
 8.86021505376344e+002    2.56441768970503e-002
 8.90322580645161e+002    3.15410687098267e-002
 8.92473118279570e+002    3.57115737097003e-002
 8.94623655913979e+002    4.04335220393477e-002
 8.98924731182796e+002    4.57798280690817e-002
 9.05376344086022e+002    5.63069233396625e-002
 9.09677419354839e+002    7.21816767455568e-002
 9.13978494623656e+002    8.51798907364454e-002
 9.16129032258065e+002    9.25320395570254e-002
 9.18279569892473e+002    1.00518775858437e-001
 9.24731182795699e+002    1.23633120638132e-001
 9.35483870967742e+002    1.18619831661225e-001
 9.35483870967742e+002    1.09194872915903e-001
 9.37634408602151e+002    1.00518775858437e-001
 9.39784946236559e+002    9.25320395570254e-002
 9.41935483870968e+002    7.84119081413017e-002
 9.44086021505376e+002    6.37520834094100e-002
 9.46236559139785e+002    5.18330472422156e-002
 9.46236559139785e+002    4.57798280690817e-002
 9.48387096774194e+002    4.04335220393477e-002
 9.50537634408602e+002    3.57115737097003e-002
 9.52688172043011e+002    2.90349677719794e-002
 9.56989247311828e+002    2.26493727801502e-002
 9.61290322580645e+002    2.00043108965302e-002
 9.65591397849462e+002    1.69517087914407e-002
 9.72043010752688e+002    1.43649252621669e-002
 9.82795698924731e+002    1.43649252621669e-002
 9.89247311827957e+002    1.62643216706981e-002
 9.93548387096774e+002    1.91931416015179e-002
 9.95698924731183e+002    2.08497630431377e-002
 9.97849462365591e+002    2.56441768970503e-002
 1.00430107526882e+003    3.15410687098267e-002
 1.00860215053763e+003    3.72208697213332e-002
 1.01290322580645e+003    4.39234686547205e-002
 1.01505376344086e+003    4.57798280690817e-002
 1.02150537634409e+003    5.63069233396625e-002
 1.03225806451613e+003    6.37520834094100e-002
 1.03655913978495e+003    6.92547296419375e-002
 1.04086021505376e+003    6.92547296419375e-002
 1.04516129032258e+003    6.92547296419375e-002
 1.04946236559140e+003    6.37520834094100e-002
 1.05161290322581e+003    6.11669539929428e-002
 1.05591397849462e+003    5.63069233396625e-002
 1.06451612903226e+003    4.77146437251931e-002
 1.06881720430108e+003    4.39234686547205e-002
 1.07311827956989e+003    4.04335220393477e-002
 1.07741935483871e+003    3.72208697213332e-002
 1.07956989247312e+003    3.57115737097003e-002
 1.08387096774194e+003    3.15410687098267e-002
 1.09247311827957e+003    2.56441768970503e-002
 1.09892473118280e+003    2.08497630431377e-002
 1.10107526881720e+003    2.00043108965302e-002
 1.10322580645161e+003    1.91931416015179e-002
 1.10752688172043e+003    1.91931416015179e-002
 1.10967741935484e+003    2.00043108965302e-002
 1.11397849462366e+003    2.08497630431377e-002
 1.11612903225806e+003    2.17309469545582e-002
 1.11827956989247e+003    2.17309469545582e-002
 1.12258064516129e+003    2.67279895071290e-002
 1.12473118279570e+003    3.42634792354787e-002
 1.12688172043011e+003    3.87939538614101e-002
 1.12903225806452e+003    4.39234686547205e-002
 1.13118279569892e+003    4.77146437251931e-002
 1.13333333333333e+003    5.86866508620256e-002
 1.13548387096774e+003    7.21816767455568e-002
 1.13763440860215e+003    8.51798907364454e-002
 1.13978494623656e+003    9.25320395570254e-002
 1.13978494623656e+003    1.04767050905923e-001
 1.14193548387097e+003    1.28858288741945e-001
 1.14408602150538e+003    1.58489319246111e-001
 1.14623655913979e+003    1.72169039324353e-001
 1.14838709677419e+003    1.94934020623226e-001
 1.14838709677419e+003    2.20709092328432e-001
 1.15053763440860e+003    2.30037030533853e-001
 1.15483870967742e+003    2.82934165327308e-001
 1.15698924731183e+003    3.47995023773703e-001
 1.15913978494624e+003    3.94008524455347e-001
 1.16129032258065e+003    4.28016660452326e-001
 1.16344086021505e+003    4.84610989543321e-001
 1.17204301075269e+003    5.96047538592714e-001
 1.18064516129032e+003    7.64092729701290e-001
 1.18494623655914e+003    9.01687771231701e-001
 1.18709677419355e+003    1.02091307056581e+000
 1.19139784946237e+003    1.10903134311559e+000
 1.20430107526882e+003    1.60968750545972e+000
 1.20860215053763e+003    1.67771852956734e+000
 1.21075268817204e+003    1.67771852956734e+000
 1.21290322580645e+003    1.67771852956734e+000
 1.21720430107527e+003    1.54441512063489e+000
 1.21720430107527e+003    1.42170335655815e+000
 1.21935483870968e+003    1.36405367717549e+000
 1.22580645161290e+003    7.96385960989011e-001
 1.22795698924731e+003    7.03381612899147e-001
 1.23225806451613e+003    5.71877975133374e-001
 1.23440860215054e+003    4.64960147443519e-001
 1.23870967741935e+003    3.78031587350919e-001
 1.24516129032258e+003    2.82934165327308e-001
 1.25376344086022e+003    2.11759399447089e-001
 1.26021505376344e+003    1.79445505113604e-001
 1.27526881720430e+003    1.18619831661225e-001
 1.28602150537634e+003    1.04767050905923e-001
 1.29677419354839e+003    8.87798908485917e-002
 1.31612903225806e+003    6.92547296419375e-002
 1.32688172043011e+003    6.92547296419375e-002
 1.33763440860215e+003    7.52323268712176e-002
 1.34623655913979e+003    9.25320395570254e-002
 1.34838709677419e+003    1.09194872915903e-001
 1.35053763440860e+003    1.34304290725644e-001
 1.35268817204301e+003    1.65187632217953e-001
 1.35483870967742e+003    1.79445505113604e-001
 1.35698924731183e+003    2.03172614146151e-001
 1.35913978494624e+003    2.20709092328432e-001
 1.36129032258065e+003    2.39759200033718e-001
 1.36559139784946e+003    2.94891952759319e-001
 1.36774193548387e+003    3.78031587350919e-001
 1.36989247311828e+003    4.28016660452326e-001
 1.37419354838710e+003    5.26439314097470e-001
 1.37634408602151e+003    6.47494308129353e-001
 1.38279569892473e+003    7.96385960989011e-001
 1.38494623655914e+003    9.01687771231701e-001
 1.38709677419355e+003    1.02091307056581e+000
 1.38924731182796e+003    1.10903134311559e+000
 1.39139784946237e+003    1.10903134311559e+000
 1.39354838709677e+003    1.06406042772667e+000
 1.39784946236559e+003    9.01687771231701e-001
 1.40000000000000e+003    9.01687771231701e-001
 1.40645161290323e+003    1.02091307056581e+000
 1.41075268817204e+003    1.06406042772667e+000
 1.41505376344086e+003    1.06406042772667e+000
 1.41935483870968e+003    1.02091307056581e+000
 1.42365591397849e+003    9.39796250234085e-001
 1.42795698924731e+003    9.01687771231701e-001
 1.43870967741935e+003    7.33108980044445e-001
 1.44946236559140e+003    6.21238592340571e-001
 1.45591397849462e+003    5.48688480812805e-001
 1.46236559139785e+003    4.84610989543321e-001
 1.46881720430108e+003    4.28016660452326e-001
 1.47741935483871e+003    3.62702510643908e-001
 1.48817204301075e+003    3.07355118112387e-001
 1.50752688172043e+003    2.39759200033718e-001
 1.51827956989247e+003    2.30037030533853e-001
 1.52903225806452e+003    2.30037030533853e-001
 1.53978494623656e+003    2.20709092328432e-001
 1.54408602150538e+003    1.94934020623226e-001
 1.54838709677419e+003    1.79445505113604e-001
 1.55698924731183e+003    1.65187632217953e-001
 1.56774193548387e+003    1.65187632217953e-001
 1.57419354838710e+003    1.58489319246111e-001
 1.58064516129032e+003    1.52062621019673e-001
 1.58494623655914e+003    1.52062621019673e-001
 1.59784946236559e+003    1.65187632217953e-001
