 2.51000000000000e+002    5.99484250318941e+002
 2.54000000000000e+002    5.99484250318941e+002
 2.58000000000000e+002    5.99484250318941e+002
 2.59000000000000e+002    6.09147157845358e+002
 2.62000000000000e+002    6.18965818891261e+002
 2.65000000000000e+002    6.28942744001097e+002
 2.67000000000000e+002    6.39080484186031e+002
 2.70000000000000e+002    6.49381631576211e+002
 2.74000000000000e+002    6.49381631576211e+002
 2.78000000000000e+002    6.39080484186031e+002
 2.80000000000000e+002    6.28942744001097e+002
 2.83000000000000e+002    6.28942744001097e+002
 2.86000000000000e+002    6.09147157845358e+002
 2.87000000000000e+002    5.89974625592356e+002
 2.89000000000000e+002    5.71405537003597e+002
 2.92000000000000e+002    5.36002316539180e+002
 2.93000000000000e+002    4.94816809215515e+002
 2.95000000000000e+002    4.64158883361278e+002
 2.97000000000000e+002    4.28493703379500e+002
 2.99000000000000e+002    3.95568975231630e+002
 3.01000000000000e+002    3.65174127254838e+002
 3.03000000000000e+002    3.37114767755096e+002
 3.05000000000000e+002    3.16227766016838e+002
 3.07000000000000e+002    3.06274691517241e+002
 3.09000000000000e+002    3.06274691517241e+002
 3.10000000000000e+002    3.06274691517241e+002
 3.12000000000000e+002    3.11211441765873e+002
 3.11000000000000e+002    3.06274691517241e+002
 3.08000000000000e+002    3.06274691517241e+002
 3.06000000000000e+002    3.11211441765873e+002
 3.04000000000000e+002    3.21324946899706e+002
 3.13000000000000e+002    3.16227766016838e+002
 3.14000000000000e+002    3.21324946899706e+002
 3.15000000000000e+002    3.31767112784285e+002
 3.16000000000000e+002    3.37114767755096e+002
 3.17000000000000e+002    3.42548619978693e+002
 3.19000000000000e+002    3.59381366380463e+002
 3.20000000000000e+002    3.71060259911077e+002
 3.22000000000000e+002    3.83118684955729e+002
 3.23000000000000e+002    3.95568975231630e+002
 3.24000000000000e+002    4.15007127529240e+002
 3.26000000000000e+002    4.28493703379500e+002
 3.29000000000000e+002    4.49549767900182e+002
 3.31000000000000e+002    4.71640521728088e+002
 3.34000000000000e+002    4.86967525165863e+002
 3.37000000000000e+002    5.10896977450692e+002
 3.40000000000000e+002    5.36002316539180e+002
 3.46000000000000e+002    5.89974625592356e+002
 3.42000000000000e+002    5.53420899060779e+002
 3.44000000000000e+002    5.71405537003597e+002
 3.48000000000000e+002    6.09147157845358e+002
 3.50000000000000e+002    6.18965818891261e+002
 3.52000000000000e+002    6.28942744001097e+002
 3.54000000000000e+002    6.49381631576211e+002
 3.56000000000000e+002    6.59848820083559e+002
 3.58000000000000e+002    6.81292069057961e+002
 3.60000000000000e+002    7.03432163904605e+002
 3.63000000000000e+002    7.14770576794186e+002
 3.66000000000000e+002    7.26291750173621e+002
 3.69000000000000e+002    7.26291750173621e+002
 3.73000000000000e+002    7.37998629904645e+002
 3.76000000000000e+002    7.49894209332456e+002
 3.80000000000000e+002    7.61981530051090e+002
 3.83000000000000e+002    7.61981530051090e+002
 3.84000000000000e+002    7.74263682681128e+002
 3.85000000000000e+002    7.74263682681128e+002
 3.87000000000000e+002    7.74263682681128e+002
 3.89000000000000e+002    7.74263682681128e+002
 3.90000000000000e+002    7.99425096044671e+002
 3.92000000000000e+002    8.25404185268019e+002
 3.94000000000000e+002    8.65964323360065e+002
 3.95000000000000e+002    8.94105752159482e+002
 3.97000000000000e+002    9.23161699021026e+002
 3.99000000000000e+002    1.00000000000000e+003
 4.02000000000000e+002    1.08323384848013e+003
 4.04000000000000e+002    1.13646366638572e+003
 4.06000000000000e+002    1.19230918312518e+003
 4.08000000000000e+002    1.25089893343068e+003
 4.09000000000000e+002    1.29154966501488e+003
 4.10000000000000e+002    1.33352143216332e+003
 4.11000000000000e+002    1.39905031413729e+003
 4.13000000000000e+002    1.49145828549089e+003
 4.15000000000000e+002    1.58996984946257e+003
 4.18000000000000e+002    1.69498815139035e+003
 4.20000000000000e+002    1.80694296456299e+003
 4.22000000000000e+002    1.92629244900944e+003
 4.24000000000000e+002    2.02094993819108e+003
 4.25000000000000e+002    2.05352502645715e+003
 4.26000000000000e+002    2.08662518283870e+003
 4.27000000000000e+002    2.15443469003188e+003
 4.28000000000000e+002    2.26030302714192e+003
 4.30000000000000e+002    2.37137370566166e+003
 4.31000000000000e+002    2.44843674682223e+003
 4.32000000000000e+002    2.52800412220002e+003
 4.33000000000000e+002    2.56875226536846e+003
 4.35000000000000e+002    2.65222956002041e+003
 4.36000000000000e+002    2.73841963426436e+003
 4.37000000000000e+002    2.78255940220713e+003
 4.38000000000000e+002    2.87298483335366e+003
 4.40000000000000e+002    2.91929361753727e+003
 4.42000000000000e+002    2.91929361753727e+003
 4.43000000000000e+002    2.91929361753727e+003
 4.44000000000000e+002    2.78255940220713e+003
 4.45000000000000e+002    2.65222956002041e+003
 4.46000000000000e+002    2.48790236723883e+003
 4.47000000000000e+002    2.18916137913240e+003
 4.48000000000000e+002    2.05352502645715e+003
 4.50000000000000e+002    1.86566357857691e+003
 4.50000000000000e+002    1.72230915900071e+003
 4.50000000000000e+002    1.58996984946257e+003
 4.51000000000000e+002    1.46779926762207e+003
 4.52000000000000e+002    1.37685716485276e+003
 4.53000000000000e+002    1.31236776819637e+003
 4.54000000000000e+002    1.25089893343068e+003
 4.55000000000000e+002    1.11843593175053e+003
 4.55000000000000e+002    1.03249721500099e+003
 4.56000000000000e+002    9.23161699021026e+002
 4.57000000000000e+002    8.25404185268019e+002
 4.57000000000000e+002    7.37998629904645e+002
 4.57000000000000e+002    7.03432163904605e+002
 4.57000000000000e+002    6.28942744001097e+002
 4.58000000000000e+002    5.53420899060779e+002
 4.58000000000000e+002    5.19131973192458e+002
 4.58000000000000e+002    4.64158883361278e+002
 4.59000000000000e+002    4.15007127529240e+002
 4.59000000000000e+002    3.95568975231630e+002
 4.60000000000000e+002    3.42548619978693e+002
 4.60000000000000e+002    3.06274691517241e+002
 4.61000000000000e+002    2.65222956002041e+002
 4.61000000000000e+002    2.26030302714192e+002
 4.62000000000000e+002    1.95734178148766e+002
 4.63000000000000e+002    1.77827941003892e+002
 4.65000000000000e+002    1.53992652605949e+002
 4.67000000000000e+002    1.33352143216332e+002
 4.69000000000000e+002    1.19230918312518e+002
 4.72000000000000e+002    1.01611870123573e+002
 4.76000000000000e+002    9.08517575651686e+001
 4.79000000000000e+002    8.38708628729074e+001
 4.81000000000000e+002    8.12310790328160e+001
 4.84000000000000e+002    7.86743807659939e+001
 4.88000000000000e+002    7.74263682681128e+001
 4.90000000000000e+002    7.86743807659939e+001
 4.93000000000000e+002    8.12310790328160e+001
 4.97000000000000e+002    8.38708628729074e+001
 4.99000000000000e+002    8.79922543569107e+001
 5.02000000000000e+002    9.53161883234788e+001
 5.09000000000000e+002    1.10069417125221e+002
 5.15000000000000e+002    1.23105591099685e+002
 5.21000000000000e+002    1.39905031413729e+002
 5.26000000000000e+002    1.53992652605949e+002
 5.30000000000000e+002    1.69498815139035e+002
 5.35000000000000e+002    1.86566357857691e+002
 5.40000000000000e+002    2.05352502645715e+002
 5.44000000000000e+002    2.18916137913240e+002
 5.49000000000000e+002    2.37137370566166e+002
 5.53000000000000e+002    2.56875226536846e+002
 5.58000000000000e+002    2.73841963426436e+002
 5.62000000000000e+002    2.87298483335366e+002
 5.65000000000000e+002    2.91929361753727e+002
 5.68000000000000e+002    2.91929361753727e+002
 5.72000000000000e+002    2.91929361753727e+002
 5.74000000000000e+002    2.78255940220713e+002
 5.76000000000000e+002    2.65222956002041e+002
 5.80000000000000e+002    2.52800412220002e+002
 5.83000000000000e+002    2.37137370566166e+002
 5.86000000000000e+002    2.22444781735943e+002
 5.89000000000000e+002    2.08662518283870e+002
 5.94000000000000e+002    1.92629244900944e+002
 5.96000000000000e+002    1.86566357857691e+002
 5.99000000000000e+002    1.75007054577020e+002
 6.01000000000000e+002    1.61559809843987e+002
 6.03000000000000e+002    1.46779926762207e+002
 6.05000000000000e+002    1.35501606571981e+002
 6.07000000000000e+002    1.21152765862859e+002
 6.08000000000000e+002    1.10069417125221e+002
 6.10000000000000e+002    9.84136989885013e+001
 6.12000000000000e+002    8.65964323360065e+001
 6.13000000000000e+002    7.86743807659939e+001
 6.14000000000000e+002    7.37998629904645e+001
 6.15000000000000e+002    7.03432163904605e+001
 6.17000000000000e+002    6.59848820083559e+001
 6.18000000000000e+002    6.28942744001097e+001
 6.20000000000000e+002    5.89974625592356e+001
 6.21000000000000e+002    5.53420899060779e+001
 6.23000000000000e+002    5.27499706370262e+001
 6.24000000000000e+002    5.10896977450692e+001
 6.25000000000000e+002    4.86967525165863e+001
 6.26000000000000e+002    4.64158883361278e+001
 6.27000000000000e+002    4.35400465365665e+001
 6.29000000000000e+002    4.01945033361513e+001
 6.31000000000000e+002    3.77041269381036e+001
 6.33000000000000e+002    3.59381366380463e+001
 6.35000000000000e+002    3.37114767755096e+001
 6.38000000000000e+002    3.16227766016838e+001
 6.41000000000000e+002    2.91929361753727e+001
 6.45000000000000e+002    2.69498005590695e+001
 6.49000000000000e+002    2.52800412220002e+001
 6.52000000000000e+002    2.37137370566166e+001
 6.56000000000000e+002    2.26030302714192e+001
 6.59000000000000e+002    2.18916137913240e+001
 6.61000000000000e+002    2.08662518283870e+001
 6.65000000000000e+002    1.98889158887967e+001
 6.69000000000000e+002    1.89573565240638e+001
 6.71000000000000e+002    1.83606853835879e+001
 6.75000000000000e+002    1.72230915900071e+001
 6.78000000000000e+002    1.64163944150564e+001
 6.82000000000000e+002    1.58996984946257e+001
 6.86000000000000e+002    1.49145828549089e+001
 6.89000000000000e+002    1.42160118816463e+001
 6.92000000000000e+002    1.33352143216332e+001
 6.95000000000000e+002    1.29154966501488e+001
 6.99000000000000e+002    1.25089893343068e+001
 7.02000000000000e+002    1.17339557049307e+001
 7.03000000000000e+002    1.13646366638572e+001
 7.05000000000000e+002    1.10069417125221e+001
 7.07000000000000e+002    1.08323384848013e+001
 7.09000000000000e+002    1.06605049898479e+001
 7.12000000000000e+002    1.03249721500099e+001
 7.14000000000000e+002    1.00000000000000e+001
 7.16000000000000e+002    9.68525614859934e+000
 7.20000000000000e+002    9.08517575651686e+000
 7.23000000000000e+002    8.52227522539387e+000
 7.25000000000000e+002    8.25404185268019e+000
 7.28000000000000e+002    8.25404185268019e+000
 7.30000000000000e+002    7.86743807659939e+000
 7.32000000000000e+002    7.61981530051090e+000
 7.35000000000000e+002    7.37998629904645e+000
 7.38000000000000e+002    7.14770576794186e+000
 7.41000000000000e+002    6.81292069057961e+000
 7.44000000000000e+002    6.39080484186031e+000
 7.47000000000000e+002    6.09147157845358e+000
 7.48000000000000e+002    5.89974625592356e+000
 7.52000000000000e+002    5.89974625592356e+000
 7.57000000000000e+002    5.89974625592356e+000
 7.59000000000000e+002    5.99484250318941e+000
 7.61000000000000e+002    6.39080484186031e+000
 7.64000000000000e+002    6.59848820083559e+000
 7.67000000000000e+002    7.03432163904605e+000
 7.69000000000000e+002    7.49894209332456e+000
 7.72000000000000e+002    7.99425096044671e+000
 7.75000000000000e+002    8.25404185268019e+000
 7.79000000000000e+002    8.25404185268019e+000
 7.83000000000000e+002    7.74263682681128e+000
 7.86000000000000e+002    7.37998629904645e+000
 7.90000000000000e+002    6.92273612373379e+000
 7.92000000000000e+002    6.59848820083559e+000
 7.94000000000000e+002    6.39080484186031e+000
 7.97000000000000e+002    6.09147157845358e+000
 8.00000000000000e+002    5.71405537003597e+000
 8.03000000000000e+002    5.44641977741133e+000
 8.06000000000000e+002    5.10896977450692e+000
 8.10000000000000e+002    4.79242754388487e+000
 8.13000000000000e+002    4.49549767900182e+000
 8.17000000000000e+002    4.21696503428582e+000
 8.21000000000000e+002    4.01945033361513e+000
 8.25000000000000e+002    3.89294060576356e+000
 8.30000000000000e+002    3.83118684955729e+000
 8.33000000000000e+002    3.77041269381036e+000
 8.38000000000000e+002    3.71060259911077e+000
 8.41000000000000e+002    3.71060259911077e+000
 8.47000000000000e+002    3.71060259911077e+000
 8.55000000000000e+002    3.71060259911077e+000
 8.61000000000000e+002    3.71060259911077e+000
 8.67000000000000e+002    3.71060259911077e+000
 8.73000000000000e+002    3.65174127254838e+000
 8.80000000000000e+002    3.65174127254838e+000
 8.82000000000000e+002    3.71060259911077e+000
 8.88000000000000e+002    3.71060259911077e+000
 8.93000000000000e+002    3.77041269381036e+000
 8.97000000000000e+002    3.83118684955729e+000
 9.02000000000000e+002    3.83118684955729e+000
 9.06000000000000e+002    3.89294060576356e+000
 9.13000000000000e+002    3.95568975231630e+000
 9.19000000000000e+002    4.01945033361513e+000
 9.24000000000000e+002    4.08423865267452e+000
 9.30000000000000e+002    4.08423865267452e+000
 9.38000000000000e+002    4.15007127529240e+000
 9.45000000000000e+002    4.15007127529240e+000
 9.53000000000000e+002    4.08423865267452e+000
 9.60000000000000e+002    3.89294060576356e+000
 9.63000000000000e+002    3.83118684955729e+000
 9.67000000000000e+002    3.65174127254838e+000
 9.70000000000000e+002    3.48070058842841e+000
 9.72000000000000e+002    3.42548619978693e+000
 9.75000000000000e+002    3.26504287718369e+000
 9.78000000000000e+002    3.11211441765873e+000
 9.81000000000000e+002    3.01416252987739e+000
 9.84000000000000e+002    2.87298483335366e+000
 9.86000000000000e+002    2.78255940220713e+000
 9.88000000000000e+002    2.73841963426436e+000
 9.90000000000000e+002    2.69498005590695e+000
 9.92000000000000e+002    2.61015721568254e+000
 9.93000000000000e+002    2.52800412220002e+000
 9.94000000000000e+002    2.44843674682223e+000
 9.96000000000000e+002    2.37137370566166e+000
 9.98000000000000e+002    2.29673617633863e+000
 1.00000000000000e+003    2.22444781735943e+000
 1.00300000000000e+003    2.08662518283870e+000
 1.00500000000000e+003    2.02094993819108e+000
 1.00700000000000e+003    1.92629244900944e+000
 1.00900000000000e+003    1.83606853835879e+000
 1.01100000000000e+003    1.75007054577020e+000
 1.01300000000000e+003    1.66810053720006e+000
 1.01500000000000e+003    1.58996984946257e+000
 1.01700000000000e+003    1.51549865600027e+000
 1.01900000000000e+003    1.44451555299301e+000
 1.02100000000000e+003    1.37685716485276e+000
 1.02400000000000e+003    1.29154966501488e+000
 1.02500000000000e+003    1.25089893343068e+000
 1.02600000000000e+003    1.19230918312518e+000
 1.02700000000000e+003    1.13646366638572e+000
 1.02800000000000e+003    1.10069417125221e+000
 1.03000000000000e+003    1.08323384848013e+000
 1.03200000000000e+003    1.04913972913631e+000
 1.03500000000000e+003    1.01611870123573e+000
 1.04000000000000e+003    9.68525614859935e-001
 1.04600000000000e+003    9.38041866639814e-001
 1.05000000000000e+003    9.08517575651687e-001
 1.05400000000000e+003    8.79922543569107e-001
 1.05700000000000e+003    8.52227522539387e-001
 1.06000000000000e+003    8.25404185268018e-001
 1.06500000000000e+003    7.99425096044671e-001
 1.07000000000000e+003    7.61981530051090e-001
 1.07400000000000e+003    7.37998629904645e-001
 1.07500000000000e+003    7.37998629904645e-001
 1.07600000000000e+003    7.26291750173621e-001
 1.07900000000000e+003    7.03432163904605e-001
 1.08200000000000e+003    6.92273612373378e-001
 1.08400000000000e+003    6.70484726075234e-001
 1.08700000000000e+003    6.59848820083559e-001
 1.09000000000000e+003    6.39080484186031e-001
 1.09400000000000e+003    6.28942744001098e-001
 1.09700000000000e+003    6.09147157845358e-001
 1.10000000000000e+003    5.99484250318941e-001
 1.10400000000000e+003    5.89974625592357e-001
 1.10800000000000e+003    5.80615852138999e-001
 1.11200000000000e+003    5.62341325190349e-001
 1.11800000000000e+003    5.53420899060779e-001
 1.12200000000000e+003    5.44641977741133e-001
 1.12700000000000e+003    5.36002316539179e-001
 1.13200000000000e+003    5.27499706370262e-001
 1.13500000000000e+003    5.19131973192458e-001
 1.13800000000000e+003    5.10896977450693e-001
 1.14100000000000e+003    4.94816809215515e-001
 1.14600000000000e+003    4.79242754388487e-001
 1.15000000000000e+003    4.64158883361278e-001
 1.15500000000000e+003    4.49549767900182e-001
 1.15800000000000e+003    4.42418555384792e-001
 1.16000000000000e+003    4.28493703379500e-001
 1.16400000000000e+003    4.28493703379500e-001
 1.16800000000000e+003    4.28493703379500e-001
 1.17200000000000e+003    4.28493703379500e-001
 1.17500000000000e+003    4.28493703379500e-001
 1.17800000000000e+003    4.35400465365665e-001
 1.18300000000000e+003    4.42418555384792e-001
 1.18800000000000e+003    4.56795926299557e-001
 1.19400000000000e+003    4.71640521728088e-001
 1.20200000000000e+003    4.79242754388487e-001
 1.20700000000000e+003    4.79242754388487e-001
 1.21200000000000e+003    4.71640521728088e-001
 1.21600000000000e+003    4.64158883361278e-001
 1.21900000000000e+003    4.49549767900182e-001
 1.22200000000000e+003    4.42418555384792e-001
 1.22500000000000e+003    4.28493703379500e-001
 1.22800000000000e+003    4.08423865267452e-001
 1.23100000000000e+003    3.95568975231630e-001
 1.23400000000000e+003    3.83118684955729e-001
 1.23600000000000e+003    3.71060259911077e-001
 1.23900000000000e+003    3.59381366380463e-001
 1.24100000000000e+003    3.42548619978693e-001
 1.24300000000000e+003    3.31767112784286e-001
 1.24600000000000e+003    3.21324946899706e-001
 1.25000000000000e+003    3.11211441765873e-001
 1.25200000000000e+003    3.06274691517242e-001
 1.25400000000000e+003    3.01416252987739e-001
 1.25600000000000e+003    2.96634883917773e-001
 1.25800000000000e+003    2.96634883917773e-001
 1.26000000000000e+003    2.91929361753727e-001
 1.26400000000000e+003    2.82741064588197e-001
 1.26700000000000e+003    2.78255940220713e-001
 1.27100000000000e+003    2.73841963426436e-001
 1.27600000000000e+003    2.65222956002041e-001
 1.28000000000000e+003    2.65222956002041e-001
 1.28500000000000e+003    2.65222956002041e-001
 1.29000000000000e+003    2.65222956002041e-001
 1.29600000000000e+003    2.65222956002041e-001
 1.30000000000000e+003    2.69498005590695e-001
 1.30500000000000e+003    2.78255940220713e-001
 1.31000000000000e+003    2.82741064588197e-001
 1.31400000000000e+003    2.91929361753727e-001
 1.31800000000000e+003    2.96634883917773e-001
 1.32300000000000e+003    3.01416252987739e-001
 1.32800000000000e+003    3.06274691517242e-001
 1.33100000000000e+003    3.06274691517242e-001
 1.33500000000000e+003    3.06274691517242e-001
 1.33800000000000e+003    3.11211441765873e-001
 1.34400000000000e+003    3.11211441765873e-001
 1.35000000000000e+003    3.16227766016838e-001
 1.35600000000000e+003    3.16227766016838e-001
 1.36300000000000e+003    3.16227766016838e-001
 1.37000000000000e+003    3.16227766016838e-001
 1.37400000000000e+003    3.16227766016838e-001
 1.37900000000000e+003    3.21324946899706e-001
 1.38400000000000e+003    3.26504287718369e-001
 1.38800000000000e+003    3.26504287718369e-001
 1.39300000000000e+003    3.31767112784286e-001
 1.39600000000000e+003    3.37114767755096e-001
 1.40000000000000e+003    3.37114767755096e-001
 1.40200000000000e+003    3.42548619978693e-001
 1.40600000000000e+003    3.42548619978693e-001
 1.40800000000000e+003    3.48070058842841e-001
 1.41200000000000e+003    3.48070058842841e-001
 1.41400000000000e+003    3.53680496130432e-001
 1.41700000000000e+003    3.59381366380463e-001
 1.42000000000000e+003    3.65174127254838e-001
 1.42400000000000e+003    3.77041269381036e-001
 1.42900000000000e+003    3.89294060576356e-001
 1.43400000000000e+003    4.01945033361512e-001
 1.43900000000000e+003    4.15007127529240e-001
 1.44300000000000e+003    4.21696503428582e-001
 1.44600000000000e+003    4.28493703379500e-001
 1.45100000000000e+003    4.42418555384792e-001
 1.45400000000000e+003    4.56795926299557e-001
 1.45800000000000e+003    4.64158883361278e-001
 1.46200000000000e+003    4.79242754388487e-001
 1.46500000000000e+003    4.94816809215515e-001
 1.46800000000000e+003    5.02792613529676e-001
 1.47000000000000e+003    5.10896977450693e-001
 1.47200000000000e+003    5.19131973192458e-001
 1.47400000000000e+003    5.27499706370262e-001
 1.47600000000000e+003    5.36002316539179e-001
 1.47800000000000e+003    5.44641977741133e-001
 1.48200000000000e+003    5.62341325190349e-001
 1.48500000000000e+003    5.80615852138999e-001
 1.48900000000000e+003    5.99484250318941e-001
 1.49100000000000e+003    6.09147157845358e-001
 1.49400000000000e+003    6.18965818891260e-001
 1.49800000000000e+003    6.39080484186031e-001
 1.50000000000000e+003    6.49381631576211e-001
 1.50300000000000e+003    6.70484726075234e-001
 1.50600000000000e+003    7.03432163904605e-001
 1.51000000000000e+003    7.14770576794185e-001
 1.51300000000000e+003    7.37998629904645e-001
 1.51700000000000e+003    7.61981530051090e-001
 1.52000000000000e+003    7.86743807659940e-001
 1.52400000000000e+003    8.12310790328160e-001
 1.52800000000000e+003    8.25404185268018e-001
 1.53100000000000e+003    8.38708628729075e-001
 1.53400000000000e+003    8.52227522539387e-001
 1.53900000000000e+003    8.79922543569107e-001
 1.54400000000000e+003    8.94105752159481e-001
 1.54800000000000e+003    8.94105752159481e-001
 1.55200000000000e+003    8.94105752159481e-001
 1.55600000000000e+003    8.94105752159481e-001
 1.56000000000000e+003    8.79922543569107e-001
 1.56400000000000e+003    8.65964323360065e-001
 1.56800000000000e+003    8.52227522539387e-001
 1.57100000000000e+003    8.38708628729075e-001
 1.57500000000000e+003    8.25404185268018e-001
 1.57900000000000e+003    7.99425096044671e-001
 1.58400000000000e+003    7.86743807659940e-001
 1.59000000000000e+003    7.61981530051090e-001
 1.59400000000000e+003    7.49894209332456e-001
 1.59800000000000e+003    7.26291750173621e-001
 1.60300000000000e+003    7.14770576794185e-001
 1.60800000000000e+003    6.92273612373378e-001
 1.61300000000000e+003    6.81292069057962e-001
 1.61800000000000e+003    6.59848820083559e-001
 1.62300000000000e+003    6.39080484186031e-001
 1.62800000000000e+003    6.28942744001098e-001
 1.63200000000000e+003    6.18965818891260e-001
 1.63600000000000e+003    6.09147157845358e-001
 1.63800000000000e+003    5.99484250318941e-001
 1.64100000000000e+003    5.99484250318941e-001
 1.64300000000000e+003    5.89974625592357e-001
 1.64600000000000e+003    5.89974625592357e-001
 1.64800000000000e+003    5.89974625592357e-001
 1.64900000000000e+003    5.89974625592357e-001
