 2.50000000000000e+002    5.62341325190349e+002
 2.53000000000000e+002    5.62341325190349e+002
 2.55000000000000e+002    5.71405537003597e+002
 2.57000000000000e+002    5.80615852139000e+002
 2.64000000000000e+002    6.49381631576211e+002
 2.69000000000000e+002    7.03432163904605e+002
 2.66000000000000e+002    6.70484726075235e+002
 2.71000000000000e+002    7.26291750173621e+002
 2.74000000000000e+002    7.26291750173621e+002
 2.77000000000000e+002    7.26291750173621e+002
 2.78000000000000e+002    7.26291750173621e+002
 2.79000000000000e+002    7.14770576794186e+002
 2.81000000000000e+002    7.03432163904605e+002
 2.80000000000000e+002    7.14770576794186e+002
 2.82000000000000e+002    6.92273612373379e+002
 2.85000000000000e+002    6.59848820083559e+002
 2.93000000000000e+002    5.36002316539180e+002
 2.95000000000000e+002    5.02792613529677e+002
 2.95000000000000e+002    4.71640521728088e+002
 2.98000000000000e+002    4.15007127529240e+002
 2.99000000000000e+002    3.83118684955729e+002
 3.01000000000000e+002    3.59381366380463e+002
 3.03000000000000e+002    3.42548619978693e+002
 3.04000000000000e+002    3.31767112784285e+002
 3.07000000000000e+002    3.31767112784285e+002
 3.09000000000000e+002    3.31767112784285e+002
 3.11000000000000e+002    3.31767112784285e+002
 3.13000000000000e+002    3.37114767755096e+002
 3.15000000000000e+002    3.48070058842841e+002
 3.16000000000000e+002    3.59381366380463e+002
 3.17000000000000e+002    3.71060259911077e+002
 3.18000000000000e+002    3.77041269381036e+002
 3.19000000000000e+002    3.83118684955729e+002
 3.20000000000000e+002    3.89294060576356e+002
 3.24000000000000e+002    4.28493703379500e+002
 3.23000000000000e+002    4.15007127529240e+002
 3.21000000000000e+002    3.95568975231630e+002
 3.22000000000000e+002    4.08423865267452e+002
 3.26000000000000e+002    4.42418555384791e+002
 3.28000000000000e+002    4.64158883361278e+002
 3.30000000000000e+002    4.86967525165863e+002
 3.32000000000000e+002    5.02792613529677e+002
 3.33000000000000e+002    5.19131973192458e+002
 3.35000000000000e+002    5.36002316539180e+002
 3.38000000000000e+002    5.53420899060779e+002
 3.41000000000000e+002    5.62341325190349e+002
 3.44000000000000e+002    5.71405537003597e+002
 3.47000000000000e+002    5.80615852139000e+002
 3.50000000000000e+002    5.80615852139000e+002
 3.52000000000000e+002    5.71405537003597e+002
 3.55000000000000e+002    5.62341325190349e+002
 3.57000000000000e+002    5.53420899060779e+002
 3.59000000000000e+002    5.44641977741133e+002
 3.61000000000000e+002    5.36002316539180e+002
 3.62000000000000e+002    5.19131973192458e+002
 3.63000000000000e+002    5.10896977450692e+002
 3.66000000000000e+002    4.94816809215515e+002
 3.68000000000000e+002    4.79242754388487e+002
 3.70000000000000e+002    4.71640521728088e+002
 3.71000000000000e+002    4.64158883361278e+002
 3.73000000000000e+002    4.64158883361278e+002
 3.74000000000000e+002    4.64158883361278e+002
 3.76000000000000e+002    4.71640521728088e+002
 3.77000000000000e+002    4.86967525165863e+002
 3.79000000000000e+002    5.02792613529677e+002
 3.81000000000000e+002    5.19131973192458e+002
 3.82000000000000e+002    5.36002316539180e+002
 3.83000000000000e+002    5.53420899060779e+002
 3.85000000000000e+002    5.71405537003597e+002
 3.86000000000000e+002    5.99484250318941e+002
 3.87000000000000e+002    6.28942744001097e+002
 3.88000000000000e+002    6.59848820083559e+002
 3.90000000000000e+002    6.92273612373379e+002
 3.92000000000000e+002    7.26291750173621e+002
 3.92000000000000e+002    7.61981530051090e+002
 3.93000000000000e+002    7.86743807659939e+002
 3.94000000000000e+002    8.25404185268019e+002
 3.95000000000000e+002    8.79922543569107e+002
 3.96000000000000e+002    9.08517575651686e+002
 3.97000000000000e+002    9.53161883234788e+002
 3.98000000000000e+002    1.01611870123573e+003
 4.00000000000000e+002    1.10069417125221e+003
 4.01000000000000e+002    1.15478198468946e+003
 4.01000000000000e+002    1.19230918312518e+003
 4.01000000000000e+002    1.21152765862859e+003
 4.03000000000000e+002    1.25089893343068e+003
 4.03000000000000e+002    1.29154966501488e+003
 4.04000000000000e+002    1.33352143216332e+003
 4.06000000000000e+002    1.39905031413729e+003
 4.07000000000000e+002    1.44451555299301e+003
 4.07000000000000e+002    1.49145828549089e+003
 4.08000000000000e+002    1.53992652605949e+003
 4.09000000000000e+002    1.56474814165802e+003
 4.10000000000000e+002    1.61559809843987e+003
 4.10000000000000e+002    1.66810053720006e+003
 4.11000000000000e+002    1.75007054577020e+003
 4.12000000000000e+002    1.86566357857691e+003
 4.12000000000000e+002    1.92629244900944e+003
 4.13000000000000e+002    2.02094993819108e+003
 4.14000000000000e+002    2.08662518283870e+003
 4.14000000000000e+002    2.22444781735943e+003
 4.15000000000000e+002    2.37137370566166e+003
 4.16000000000000e+002    2.48790236723883e+003
 4.17000000000000e+002    2.61015721568254e+003
 4.19000000000000e+002    2.69498005590695e+003
 4.21000000000000e+002    2.78255940220713e+003
 4.24000000000000e+002    2.78255940220713e+003
 4.25000000000000e+002    2.69498005590695e+003
 4.26000000000000e+002    2.56875226536846e+003
 4.26000000000000e+002    2.48790236723883e+003
 4.29000000000000e+002    2.37137370566166e+003
 4.30000000000000e+002    2.22444781735943e+003
 4.31000000000000e+002    2.05352502645715e+003
 4.32000000000000e+002    1.86566357857691e+003
 4.33000000000000e+002    1.72230915900071e+003
 4.34000000000000e+002    1.58996984946257e+003
 4.36000000000000e+002    1.44451555299301e+003
 4.37000000000000e+002    1.35501606571981e+003
 4.38000000000000e+002    1.21152765862859e+003
 4.39000000000000e+002    1.11843593175053e+003
 4.40000000000000e+002    1.04913972913631e+003
 4.40000000000000e+002    9.53161883234788e+002
 4.41000000000000e+002    8.94105752159482e+002
 4.42000000000000e+002    8.12310790328160e+002
 4.43000000000000e+002    7.26291750173621e+002
 4.44000000000000e+002    6.81292069057961e+002
 4.45000000000000e+002    6.18965818891261e+002
 4.47000000000000e+002    5.71405537003597e+002
 4.48000000000000e+002    5.19131973192458e+002
 4.50000000000000e+002    4.79242754388487e+002
 4.51000000000000e+002    4.35400465365665e+002
 4.53000000000000e+002    4.08423865267452e+002
 4.56000000000000e+002    3.71060259911077e+002
 4.58000000000000e+002    3.31767112784285e+002
 4.62000000000000e+002    2.78255940220713e+002
 4.66000000000000e+002    2.52800412220002e+002
 4.72000000000000e+002    2.08662518283870e+002
 4.76000000000000e+002    1.89573565240638e+002
 4.82000000000000e+002    1.58996984946257e+002
 4.88000000000000e+002    1.46779926762207e+002
 4.92000000000000e+002    1.33352143216332e+002
 5.00000000000000e+002    1.25089893343068e+002
 5.06000000000000e+002    1.13646366638572e+002
 5.12000000000000e+002    1.10069417125221e+002
 5.16000000000000e+002    1.08323384848013e+002
 5.18000000000000e+002    1.06605049898479e+002
 5.22000000000000e+002    1.06605049898479e+002
 5.25000000000000e+002    1.10069417125221e+002
 5.26000000000000e+002    1.13646366638572e+002
 5.27000000000000e+002    1.15478198468946e+002
 5.29000000000000e+002    1.21152765862859e+002
 5.30000000000000e+002    1.29154966501488e+002
 5.32000000000000e+002    1.39905031413729e+002
 5.33000000000000e+002    1.51549865600027e+002
 5.35000000000000e+002    1.66810053720006e+002
 5.37000000000000e+002    1.77827941003892e+002
 5.40000000000000e+002    1.95734178148766e+002
 5.41000000000000e+002    2.12025887075183e+002
 5.43000000000000e+002    2.29673617633863e+002
 5.45000000000000e+002    2.44843674682223e+002
 5.46000000000000e+002    2.52800412220002e+002
 5.47000000000000e+002    2.61015721568254e+002
 5.48000000000000e+002    2.69498005590695e+002
 5.50000000000000e+002    2.78255940220713e+002
 5.52000000000000e+002    2.82741064588197e+002
 5.53000000000000e+002    2.82741064588197e+002
 5.54000000000000e+002    2.78255940220713e+002
 5.55000000000000e+002    2.73841963426436e+002
 5.56000000000000e+002    2.65222956002041e+002
 5.57000000000000e+002    2.61015721568254e+002
 5.58000000000000e+002    2.52800412220002e+002
 5.59000000000000e+002    2.48790236723883e+002
 5.60000000000000e+002    2.37137370566166e+002
 5.62000000000000e+002    2.22444781735943e+002
 5.62000000000000e+002    2.15443469003188e+002
 5.64000000000000e+002    2.08662518283870e+002
 5.64000000000000e+002    2.02094993819108e+002
 5.66000000000000e+002    1.92629244900944e+002
 5.68000000000000e+002    1.83606853835879e+002
 5.71000000000000e+002    1.75007054577020e+002
 5.73000000000000e+002    1.72230915900071e+002
 5.76000000000000e+002    1.80694296456299e+002
 5.78000000000000e+002    1.92629244900944e+002
 5.79000000000000e+002    2.02094993819108e+002
 5.80000000000000e+002    2.12025887075183e+002
 5.81000000000000e+002    2.22444781735943e+002
 5.82000000000000e+002    2.37137370566166e+002
 5.83000000000000e+002    2.52800412220002e+002
 5.84000000000000e+002    2.61015721568254e+002
 5.85000000000000e+002    2.73841963426436e+002
 5.86000000000000e+002    2.82741064588197e+002
 5.88000000000000e+002    2.91929361753727e+002
 5.90000000000000e+002    2.87298483335366e+002
 5.92000000000000e+002    2.73841963426436e+002
 5.92000000000000e+002    2.61015721568254e+002
 5.94000000000000e+002    2.40959716994148e+002
 5.95000000000000e+002    2.22444781735943e+002
 5.96000000000000e+002    2.12025887075183e+002
 5.96000000000000e+002    1.92629244900944e+002
 5.97000000000000e+002    1.69498815139035e+002
 5.98000000000000e+002    1.49145828549089e+002
 5.99000000000000e+002    1.27106179961475e+002
 6.00000000000000e+002    1.13646366638572e+002
 6.02000000000000e+002    9.23161699021026e+001
 6.04000000000000e+002    7.37998629904645e+001
 6.04000000000000e+002    5.99484250318941e+001
 6.06000000000000e+002    5.10896977450692e+001
 6.08000000000000e+002    3.77041269381036e+001
 6.10000000000000e+002    2.87298483335366e+001
 6.12000000000000e+002    2.02094993819108e+001
 6.14000000000000e+002    1.46779926762207e+001
 6.17000000000000e+002    1.10069417125221e+001
 6.19000000000000e+002    1.00000000000000e+001
 6.20000000000000e+002    9.38041866639814e+000
 6.21000000000000e+002    8.79922543569107e+000
 6.23000000000000e+002    8.38708628729074e+000
 6.24000000000000e+002    8.25404185268019e+000
 6.25000000000000e+002    7.61981530051090e+000
 6.27000000000000e+002    7.26291750173621e+000
 6.28000000000000e+002    6.81292069057961e+000
 6.29000000000000e+002    6.28942744001097e+000
 6.30000000000000e+002    5.99484250318941e+000
 6.30000000000000e+002    5.80615852139000e+000
 6.32000000000000e+002    5.53420899060779e+000
 6.33000000000000e+002    5.27499706370262e+000
 6.34000000000000e+002    5.02792613529677e+000
 6.35000000000000e+002    4.79242754388487e+000
 6.36000000000000e+002    4.49549767900182e+000
 6.38000000000000e+002    4.21696503428582e+000
 6.39000000000000e+002    3.95568975231630e+000
 6.41000000000000e+002    3.59381366380463e+000
 6.43000000000000e+002    3.42548619978693e+000
 6.44000000000000e+002    3.26504287718369e+000
 6.45000000000000e+002    3.11211441765873e+000
 6.46000000000000e+002    2.96634883917773e+000
 6.47000000000000e+002    2.87298483335366e+000
 6.48000000000000e+002    2.69498005590695e+000
 6.49000000000000e+002    2.61015721568254e+000
 6.51000000000000e+002    2.52800412220002e+000
 6.53000000000000e+002    2.48790236723884e+000
 6.55000000000000e+002    2.37137370566166e+000
 6.56000000000000e+002    2.29673617633863e+000
 6.58000000000000e+002    2.22444781735943e+000
 6.60000000000000e+002    2.12025887075183e+000
 6.63000000000000e+002    2.02094993819108e+000
 6.65000000000000e+002    1.95734178148766e+000
 6.68000000000000e+002    1.86566357857691e+000
 6.70000000000000e+002    1.80694296456299e+000
 6.73000000000000e+002    1.75007054577020e+000
 6.76000000000000e+002    1.69498815139035e+000
 6.79000000000000e+002    1.64163944150564e+000
 6.83000000000000e+002    1.61559809843987e+000
 6.86000000000000e+002    1.56474814165802e+000
 6.89000000000000e+002    1.53992652605949e+000
 6.91000000000000e+002    1.51549865600027e+000
 6.95000000000000e+002    1.49145828549089e+000
 6.98000000000000e+002    1.46779926762207e+000
 7.02000000000000e+002    1.46779926762207e+000
 7.04000000000000e+002    1.46779926762207e+000
 7.07000000000000e+002    1.46779926762207e+000
 7.10000000000000e+002    1.49145828549089e+000
 7.13000000000000e+002    1.49145828549089e+000
 7.17000000000000e+002    1.53992652605949e+000
 7.20000000000000e+002    1.56474814165802e+000
 7.24000000000000e+002    1.61559809843987e+000
 7.28000000000000e+002    1.69498815139035e+000
 7.33000000000000e+002    1.75007054577020e+000
 7.36000000000000e+002    1.80694296456299e+000
 7.38000000000000e+002    1.86566357857691e+000
 7.40000000000000e+002    1.89573565240638e+000
 7.43000000000000e+002    1.95734178148766e+000
 7.45000000000000e+002    2.02094993819108e+000
 7.48000000000000e+002    2.08662518283870e+000
 7.53000000000000e+002    2.18916137913240e+000
 7.56000000000000e+002    2.29673617633863e+000
 7.59000000000000e+002    2.44843674682223e+000
 7.63000000000000e+002    2.56875226536846e+000
 7.67000000000000e+002    2.69498005590695e+000
 7.72000000000000e+002    2.87298483335366e+000
 7.77000000000000e+002    3.11211441765873e+000
 7.81000000000000e+002    3.21324946899706e+000
 7.86000000000000e+002    3.37114767755096e+000
 7.90000000000000e+002    3.48070058842841e+000
 7.94000000000000e+002    3.59381366380463e+000
 7.98000000000000e+002    3.77041269381036e+000
 8.01000000000000e+002    3.83118684955729e+000
 8.05000000000000e+002    3.89294060576356e+000
 8.08000000000000e+002    4.01945033361513e+000
 8.12000000000000e+002    4.08423865267452e+000
 8.16000000000000e+002    4.15007127529240e+000
 8.19000000000000e+002    4.35400465365665e+000
 8.21000000000000e+002    4.35400465365665e+000
 8.23000000000000e+002    4.42418555384791e+000
 8.25000000000000e+002    4.42418555384791e+000
 8.28000000000000e+002    4.49549767900182e+000
 8.31000000000000e+002    4.56795926299557e+000
 8.34000000000000e+002    4.64158883361278e+000
 8.35000000000000e+002    4.71640521728088e+000
 8.38000000000000e+002    4.79242754388487e+000
 8.41000000000000e+002    4.86967525165863e+000
 8.43000000000000e+002    5.02792613529677e+000
 8.47000000000000e+002    5.10896977450692e+000
 8.50000000000000e+002    5.19131973192458e+000
 8.55000000000000e+002    5.27499706370262e+000
 8.59000000000000e+002    5.36002316539180e+000
 8.64000000000000e+002    5.53420899060779e+000
 8.68000000000000e+002    5.62341325190349e+000
 8.71000000000000e+002    5.62341325190349e+000
 8.76000000000000e+002    5.62341325190349e+000
 8.79000000000000e+002    5.71405537003597e+000
 8.84000000000000e+002    5.89974625592356e+000
 8.88000000000000e+002    5.99484250318941e+000
 8.93000000000000e+002    5.99484250318941e+000
 8.99000000000000e+002    6.09147157845358e+000
 9.05000000000000e+002    6.18965818891261e+000
 9.12000000000000e+002    6.28942744001097e+000
 9.16000000000000e+002    6.28942744001097e+000
 9.21000000000000e+002    6.39080484186031e+000
 9.28000000000000e+002    6.49381631576211e+000
 9.37000000000000e+002    6.49381631576211e+000
 9.44000000000000e+002    6.49381631576211e+000
 9.51000000000000e+002    6.49381631576211e+000
 9.56000000000000e+002    6.49381631576211e+000
 9.64000000000000e+002    6.49381631576211e+000
 9.69000000000000e+002    6.49381631576211e+000
 9.73000000000000e+002    6.39080484186031e+000
 9.78000000000000e+002    6.39080484186031e+000
 9.84000000000000e+002    6.39080484186031e+000
 9.90000000000000e+002    6.28942744001097e+000
 9.96000000000000e+002    6.18965818891261e+000
 1.00200000000000e+003    6.18965818891261e+000
 1.00600000000000e+003    5.99484250318941e+000
 1.01300000000000e+003    5.89974625592356e+000
 1.01800000000000e+003    5.80615852139000e+000
 1.02200000000000e+003    5.62341325190349e+000
 1.02700000000000e+003    5.53420899060779e+000
 1.03700000000000e+003    5.19131973192458e+000
 1.04200000000000e+003    5.10896977450692e+000
 1.04700000000000e+003    5.02792613529677e+000
 1.05200000000000e+003    4.86967525165863e+000
 1.05800000000000e+003    4.71640521728088e+000
 1.06500000000000e+003    4.56795926299557e+000
 1.06900000000000e+003    4.42418555384791e+000
 1.07400000000000e+003    4.21696503428582e+000
 1.07800000000000e+003    4.08423865267452e+000
 1.08400000000000e+003    3.89294060576356e+000
 1.08800000000000e+003    3.71060259911077e+000
 1.09400000000000e+003    3.48070058842841e+000
 1.09800000000000e+003    3.37114767755096e+000
 1.10200000000000e+003    3.21324946899706e+000
 1.10500000000000e+003    3.11211441765873e+000
 1.11000000000000e+003    2.91929361753727e+000
 1.11400000000000e+003    2.78255940220713e+000
 1.11800000000000e+003    2.61015721568254e+000
 1.11900000000000e+003    2.56875226536846e+000
 1.12100000000000e+003    2.56875226536846e+000
 1.12300000000000e+003    2.52800412220002e+000
 1.12600000000000e+003    2.44843674682223e+000
 1.13000000000000e+003    2.37137370566166e+000
 1.13300000000000e+003    2.33375658058233e+000
 1.13700000000000e+003    2.26030302714192e+000
 1.14000000000000e+003    2.15443469003188e+000
 1.14300000000000e+003    2.08662518283870e+000
 1.14700000000000e+003    1.98889158887967e+000
 1.14900000000000e+003    1.92629244900944e+000
 1.15200000000000e+003    1.83606853835879e+000
 1.15500000000000e+003    1.77827941003892e+000
 1.15700000000000e+003    1.72230915900071e+000
 1.15800000000000e+003    1.69498815139035e+000
 1.16000000000000e+003    1.69498815139035e+000
 1.16200000000000e+003    1.64163944150564e+000
 1.16400000000000e+003    1.58996984946257e+000
 1.16800000000000e+003    1.53992652605949e+000
 1.17300000000000e+003    1.46779926762207e+000
 1.17700000000000e+003    1.39905031413729e+000
 1.18200000000000e+003    1.33352143216332e+000
 1.18600000000000e+003    1.27106179961475e+000
 1.18900000000000e+003    1.23105591099685e+000
 1.19400000000000e+003    1.19230918312518e+000
 1.19800000000000e+003    1.15478198468946e+000
 1.19900000000000e+003    1.13646366638572e+000
 1.20100000000000e+003    1.13646366638572e+000
 1.20300000000000e+003    1.13646366638572e+000
 1.20400000000000e+003    1.11843593175053e+000
 1.20600000000000e+003    1.10069417125221e+000
 1.20800000000000e+003    1.08323384848013e+000
 1.21000000000000e+003    1.06605049898479e+000
 1.21200000000000e+003    1.04913972913631e+000
 1.21500000000000e+003    1.03249721500099e+000
 1.21800000000000e+003    1.00000000000000e+000
 1.22100000000000e+003    9.53161883234787e-001
 1.22400000000000e+003    9.23161699021026e-001
 1.22600000000000e+003    8.94105752159481e-001
 1.22800000000000e+003    8.65964323360065e-001
 1.23100000000000e+003    8.38708628729075e-001
 1.23400000000000e+003    8.12310790328160e-001
 1.23700000000000e+003    7.86743807659940e-001
 1.24100000000000e+003    7.74263682681127e-001
 1.24300000000000e+003    7.61981530051090e-001
 1.24500000000000e+003    7.49894209332456e-001
 1.24700000000000e+003    7.49894209332456e-001
 1.24900000000000e+003    7.37998629904645e-001
 1.25000000000000e+003    7.26291750173621e-001
 1.25200000000000e+003    7.14770576794185e-001
 1.25400000000000e+003    7.03432163904605e-001
 1.25600000000000e+003    7.03432163904605e-001
 1.25700000000000e+003    6.92273612373378e-001
 1.25900000000000e+003    6.81292069057962e-001
 1.26100000000000e+003    6.81292069057962e-001
 1.26300000000000e+003    6.70484726075234e-001
 1.26500000000000e+003    6.49381631576211e-001
 1.26700000000000e+003    6.39080484186031e-001
 1.26900000000000e+003    6.18965818891260e-001
 1.27100000000000e+003    5.99484250318941e-001
 1.27300000000000e+003    5.89974625592357e-001
 1.27500000000000e+003    5.71405537003597e-001
 1.27700000000000e+003    5.53420899060779e-001
 1.27900000000000e+003    5.36002316539179e-001
 1.28100000000000e+003    5.27499706370262e-001
 1.28300000000000e+003    5.27499706370262e-001
 1.28600000000000e+003    5.27499706370262e-001
 1.29100000000000e+003    5.27499706370262e-001
 1.29600000000000e+003    5.27499706370262e-001
 1.30000000000000e+003    5.27499706370262e-001
 1.30300000000000e+003    5.19131973192458e-001
 1.30500000000000e+003    5.19131973192458e-001
 1.30800000000000e+003    5.19131973192458e-001
 1.31100000000000e+003    5.19131973192458e-001
 1.31400000000000e+003    5.10896977450693e-001
 1.31500000000000e+003    5.02792613529676e-001
 1.31800000000000e+003    4.94816809215515e-001
 1.32100000000000e+003    4.79242754388487e-001
 1.32400000000000e+003    4.71640521728088e-001
 1.32700000000000e+003    4.56795926299557e-001
 1.32900000000000e+003    4.56795926299557e-001
 1.33200000000000e+003    4.49549767900182e-001
 1.33400000000000e+003    4.42418555384792e-001
 1.33600000000000e+003    4.42418555384792e-001
 1.33800000000000e+003    4.35400465365665e-001
 1.34000000000000e+003    4.35400465365665e-001
 1.34200000000000e+003    4.35400465365665e-001
 1.34400000000000e+003    4.28493703379500e-001
 1.34600000000000e+003    4.21696503428582e-001
 1.34800000000000e+003    4.15007127529240e-001
 1.35000000000000e+003    4.08423865267452e-001
 1.35200000000000e+003    4.01945033361512e-001
 1.35400000000000e+003    3.95568975231630e-001
 1.35700000000000e+003    3.95568975231630e-001
 1.36000000000000e+003    3.95568975231630e-001
 1.36300000000000e+003    4.01945033361512e-001
 1.36500000000000e+003    4.01945033361512e-001
 1.36900000000000e+003    4.08423865267452e-001
 1.37200000000000e+003    4.15007127529240e-001
 1.37500000000000e+003    4.21696503428582e-001
 1.37700000000000e+003    4.21696503428582e-001
 1.38000000000000e+003    4.21696503428582e-001
 1.38300000000000e+003    4.21696503428582e-001
 1.38500000000000e+003    4.21696503428582e-001
 1.38700000000000e+003    4.28493703379500e-001
 1.39000000000000e+003    4.28493703379500e-001
 1.39200000000000e+003    4.28493703379500e-001
 1.39400000000000e+003    4.28493703379500e-001
 1.39800000000000e+003    4.35400465365665e-001
 1.40100000000000e+003    4.42418555384792e-001
 1.40300000000000e+003    4.42418555384792e-001
 1.40500000000000e+003    4.49549767900182e-001
 1.40700000000000e+003    4.56795926299557e-001
 1.40900000000000e+003    4.56795926299557e-001
 1.41100000000000e+003    4.56795926299557e-001
 1.41400000000000e+003    4.56795926299557e-001
 1.41600000000000e+003    4.56795926299557e-001
 1.41800000000000e+003    4.56795926299557e-001
 1.42100000000000e+003    4.71640521728088e-001
 1.42300000000000e+003    4.79242754388487e-001
 1.42500000000000e+003    4.86967525165863e-001
 1.42800000000000e+003    5.02792613529676e-001
 1.43000000000000e+003    5.10896977450693e-001
 1.43400000000000e+003    5.19131973192458e-001
 1.43600000000000e+003    5.27499706370262e-001
 1.43900000000000e+003    5.36002316539179e-001
 1.44200000000000e+003    5.44641977741133e-001
 1.44500000000000e+003    5.53420899060779e-001
 1.44800000000000e+003    5.62341325190349e-001
 1.45200000000000e+003    5.71405537003597e-001
 1.45500000000000e+003    5.89974625592357e-001
 1.45800000000000e+003    5.99484250318941e-001
 1.46100000000000e+003    6.18965818891260e-001
 1.46400000000000e+003    6.28942744001098e-001
 1.46600000000000e+003    6.39080484186031e-001
 1.46800000000000e+003    6.49381631576211e-001
 1.47100000000000e+003    6.49381631576211e-001
 1.47400000000000e+003    6.81292069057962e-001
 1.47700000000000e+003    7.03432163904605e-001
 1.48000000000000e+003    7.26291750173621e-001
 1.48200000000000e+003    7.49894209332456e-001
 1.48400000000000e+003    7.61981530051090e-001
 1.48700000000000e+003    7.61981530051090e-001
 1.48900000000000e+003    7.86743807659940e-001
 1.49200000000000e+003    7.99425096044671e-001
 1.49600000000000e+003    8.25404185268018e-001
 1.49900000000000e+003    8.52227522539387e-001
 1.50400000000000e+003    8.94105752159481e-001
 1.50700000000000e+003    9.08517575651687e-001
 1.51100000000000e+003    9.38041866639814e-001
 1.51300000000000e+003    9.53161883234787e-001
 1.51700000000000e+003    9.84136989885013e-001
 1.52100000000000e+003    1.01611870123573e+000
 1.52600000000000e+003    1.04913972913631e+000
 1.53000000000000e+003    1.06605049898479e+000
 1.53300000000000e+003    1.08323384848013e+000
 1.53700000000000e+003    1.11843593175053e+000
 1.54000000000000e+003    1.13646366638572e+000
 1.54500000000000e+003    1.15478198468946e+000
 1.54900000000000e+003    1.17339557049307e+000
 1.55200000000000e+003    1.17339557049307e+000
 1.55500000000000e+003    1.17339557049307e+000
 1.55800000000000e+003    1.15478198468946e+000
 1.56300000000000e+003    1.13646366638572e+000
 1.56600000000000e+003    1.13646366638572e+000
 1.57000000000000e+003    1.11843593175053e+000
 1.57300000000000e+003    1.11843593175053e+000
 1.57600000000000e+003    1.11843593175053e+000
 1.57800000000000e+003    1.10069417125221e+000
 1.58000000000000e+003    1.06605049898479e+000
 1.58200000000000e+003    1.04913972913631e+000
 1.58400000000000e+003    1.03249721500099e+000
 1.58600000000000e+003    1.01611870123573e+000
 1.58700000000000e+003    1.00000000000000e+000
 1.58900000000000e+003    1.00000000000000e+000
 1.59100000000000e+003    9.84136989885013e-001
 1.59200000000000e+003    9.68525614859935e-001
 1.59400000000000e+003    9.68525614859935e-001
 1.59600000000000e+003    9.53161883234787e-001
 1.59900000000000e+003    9.38041866639814e-001
 1.60200000000000e+003    9.38041866639814e-001
 1.60400000000000e+003    9.38041866639814e-001
 1.60800000000000e+003    9.38041866639814e-001
 1.61000000000000e+003    9.23161699021026e-001
 1.61300000000000e+003    9.08517575651687e-001
 1.61500000000000e+003    8.79922543569107e-001
 1.61700000000000e+003    8.65964323360065e-001
 1.62000000000000e+003    8.52227522539387e-001
 1.62200000000000e+003    8.52227522539387e-001
 1.62500000000000e+003    8.38708628729075e-001
 1.62800000000000e+003    8.25404185268018e-001
 1.63100000000000e+003    8.12310790328160e-001
 1.63400000000000e+003    7.99425096044671e-001
 1.63700000000000e+003    7.86743807659940e-001
 1.64000000000000e+003    7.74263682681127e-001
 1.64300000000000e+003    7.74263682681127e-001
 1.64600000000000e+003    7.61981530051090e-001
 1.64800000000000e+003    7.61981530051090e-001
 1.65000000000000e+003    7.61981530051090e-001
