 8.03191489361702e+002    5.71810213591956e-003
 8.11170212765957e+002    6.22147169726340e-003
 8.23936170212766e+002    7.68238703989340e-003
 8.36702127659574e+002    1.01060199835226e-002
 8.47872340425532e+002    1.24790983105280e-002
 8.67021276595745e+002    1.57378921526239e-002
 8.95744680851064e+002    1.94334370695183e-002
 9.11702127659574e+002    2.39967635228689e-002
 9.14893617021277e+002    2.90131858410135e-002
 9.22872340425532e+002    3.81662410878748e-002
 9.29255319148936e+002    5.69803602715391e-002
 9.38829787234043e+002    8.68822976815246e-002
 9.48404255319149e+002    1.16728141932247e-001
 9.59574468085106e+002    1.29711087128387e-001
 9.65957446808511e+002    1.35299972997618e-001
 9.70744680851064e+002    1.35299972997618e-001
 9.77127659574468e+002    1.32476060425884e-001
 9.83510638297872e+002    1.27003822954421e-001
 9.89893617021277e+002    1.21757629213785e-001
 9.94680851063830e+002    1.16728141932247e-001
 1.00265957446809e+003    1.07283850217996e-001
 1.00744680851064e+003    9.86036814008224e-002
 1.01223404255319e+003    9.25576274542540e-002
 1.02021276595745e+003    8.15549604936867e-002
 1.02500000000000e+003    7.49564759731868e-002
 1.03138297872340e+003    6.74539883971444e-002
 1.03776595744681e+003    5.94354837108335e-002
 1.04574468085106e+003    5.23701682863027e-002
 1.05212765957447e+003    4.81329797366265e-002
 1.05851063829787e+003    4.61447329961875e-002
 1.06489361702128e+003    4.51816234793102e-002
 1.07606382978723e+003    4.51816234793102e-002
 1.08563829787234e+003    4.71283725398780e-002
 1.09361702127660e+003    5.23701682863027e-002
 1.10478723404255e+003    6.07024342007450e-002
 1.11117021276596e+003    7.03603910102294e-002
 1.11914893617021e+003    8.50689343286117e-002
 1.12553191489362e+003    1.07283850217996e-001
 1.13031914893617e+003    1.29711087128387e-001
 1.13510638297872e+003    1.63583862345562e-001
 1.13989361702128e+003    1.97780379604089e-001
 1.14468085106383e+003    2.49428781363807e-001
 1.15106382978723e+003    3.01570817285800e-001
 1.15904255319149e+003    3.42256058839913e-001
 1.16542553191489e+003    3.57002909654721e-001
 1.17180851063830e+003    3.64612926147351e-001
 1.18138297872340e+003    3.72385160788494e-001
 1.18776595744681e+003    3.72385160788494e-001
 1.19734042553191e+003    3.72385160788494e-001
 1.20691489361702e+003    3.72385160788494e-001
 1.21808510638298e+003    3.64612926147351e-001
 1.22606382978723e+003    3.57002909654721e-001
 1.23244680851064e+003    3.49551725575495e-001
 1.24042553191489e+003    3.42256058839913e-001
 1.24840425531915e+003    3.28118361628823e-001
 1.25957446808511e+003    3.21270041219796e-001
 1.26914893617021e+003    3.21270041219796e-001
 1.27712765957447e+003    3.28118361628823e-001
 1.28829787234043e+003    3.42256058839913e-001
 1.29627659574468e+003    3.72385160788494e-001
 1.30265957446809e+003    4.13803246044909e-001
 1.30904255319149e+003    4.59828007310314e-001
 1.31861702127660e+003    5.32988154722324e-001
 1.32819148936170e+003    6.17788322064077e-001
 1.33936170212766e+003    7.79117668909805e-001
 1.34734042553191e+003    1.02491304989332e+000
 1.35212765957447e+003    1.13890775363234e+000
 1.35851063829787e+003    1.26558137923884e+000
 1.36489361702128e+003    1.43632231692023e+000
 1.36968085106383e+003    1.59607551452867e+000
 1.37446808510638e+003    1.85001637517054e+000
 1.37925531914894e+003    2.14436006144097e+000
 1.38882978723404e+003    2.82086095379684e+000
 1.39521276595745e+003    3.55750106006849e+000
 1.40000000000000e+003    4.21140958191782e+000
 1.40319148936170e+003    4.88145868925183e+000
