 2.50000000000000e+002    1.64163944150564e-002
 2.54000000000000e+002    1.56474814165802e-002
 2.58000000000000e+002    1.44451555299301e-002
 2.59000000000000e+002    1.42160118816463e-002
 2.61000000000000e+002    1.37685716485276e-002
 2.63000000000000e+002    1.33352143216332e-002
 2.66000000000000e+002    1.27106179961474e-002
 2.69000000000000e+002    1.21152765862859e-002
 2.71000000000000e+002    1.15478198468946e-002
 2.74000000000000e+002    1.10069417125221e-002
 2.76000000000000e+002    1.06605049898479e-002
 2.78000000000000e+002    1.03249721500099e-002
 2.81000000000000e+002    9.68525614859935e-003
 2.83000000000000e+002    9.38041866639814e-003
 2.86000000000000e+002    8.94105752159481e-003
 2.88000000000000e+002    8.52227522539387e-003
 2.90000000000000e+002    8.25404185268019e-003
 2.92000000000000e+002    7.99425096044671e-003
 2.95000000000000e+002    7.61981530051089e-003
 2.98000000000000e+002    7.26291750173621e-003
 3.00000000000000e+002    6.92273612373379e-003
 3.02000000000000e+002    6.70484726075235e-003
 3.04000000000000e+002    6.49381631576211e-003
 3.05000000000000e+002    6.28942744001098e-003
 3.07000000000000e+002    6.09147157845358e-003
 3.09000000000000e+002    5.89974625592356e-003
 3.11000000000000e+002    5.71405537003597e-003
 3.12000000000000e+002    5.53420899060780e-003
 3.14000000000000e+002    5.36002316539179e-003
 3.16000000000000e+002    5.19131973192458e-003
 3.18000000000000e+002    4.94816809215514e-003
 3.20000000000000e+002    4.79242754388487e-003
 3.23000000000000e+002    4.56795926299557e-003
 3.26000000000000e+002    4.35400465365665e-003
 3.29000000000000e+002    4.08423865267452e-003
 3.31000000000000e+002    3.89294060576356e-003
 3.33000000000000e+002    3.71060259911077e-003
 3.35000000000000e+002    3.59381366380463e-003
 3.36000000000000e+002    3.48070058842841e-003
 3.38000000000000e+002    3.31767112784286e-003
 3.40000000000000e+002    3.16227766016838e-003
 3.42000000000000e+002    3.01416252987739e-003
 3.44000000000000e+002    2.91929361753727e-003
 3.46000000000000e+002    2.78255940220712e-003
 3.48000000000000e+002    2.65222956002041e-003
 3.50000000000000e+002    2.52800412220002e-003
 3.52000000000000e+002    2.44843674682223e-003
 3.53000000000000e+002    2.37137370566166e-003
 3.55000000000000e+002    2.26030302714192e-003
 3.57000000000000e+002    2.15443469003188e-003
 3.59000000000000e+002    2.05352502645715e-003
 3.61000000000000e+002    1.95734178148766e-003
 3.63000000000000e+002    1.83606853835878e-003
 3.66000000000000e+002    1.72230915900071e-003
 3.68000000000000e+002    1.61559809843987e-003
 3.70000000000000e+002    1.51549865600027e-003
 3.73000000000000e+002    1.42160118816463e-003
 3.76000000000000e+002    1.29154966501488e-003
 3.78000000000000e+002    1.25089893343068e-003
 3.79000000000000e+002    1.21152765862859e-003
 3.80000000000000e+002    1.17339557049307e-003
 3.82000000000000e+002    1.11843593175053e-003
 3.83000000000000e+002    1.06605049898479e-003
 3.85000000000000e+002    1.03249721500099e-003
 3.86000000000000e+002    9.84136989885013e-004
 3.88000000000000e+002    9.38041866639814e-004
 3.90000000000000e+002    8.94105752159481e-004
 3.92000000000000e+002    8.52227522539387e-004
 3.94000000000000e+002    8.12310790328159e-004
 3.95000000000000e+002    7.74263682681127e-004
 3.96000000000000e+002    7.49894209332456e-004
 3.98000000000000e+002    7.14770576794186e-004
 3.99000000000000e+002    7.03432163904605e-004
 4.00000000000000e+002    6.81292069057961e-004
 4.01000000000000e+002    6.70484726075235e-004
 4.02000000000000e+002    6.49381631576211e-004
 4.03000000000000e+002    6.28942744001098e-004
 4.04000000000000e+002    6.09147157845357e-004
 4.05000000000000e+002    5.99484250318941e-004
 4.06000000000000e+002    5.89974625592357e-004
 4.06000000000000e+002    5.80615852138999e-004
 4.07000000000000e+002    5.71405537003597e-004
 4.08000000000000e+002    5.62341325190349e-004
 4.09000000000000e+002    5.53420899060780e-004
 4.10000000000000e+002    5.44641977741133e-004
 4.11000000000000e+002    5.36002316539179e-004
 4.13000000000000e+002    5.19131973192458e-004
 4.14000000000000e+002    5.10896977450693e-004
 4.16000000000000e+002    4.94816809215514e-004
 4.18000000000000e+002    4.79242754388487e-004
 4.23000000000000e+002    4.42418555384792e-004
 4.25000000000000e+002    4.28493703379499e-004
 4.26000000000000e+002    4.21696503428582e-004
 4.31000000000000e+002    3.89294060576356e-004
 4.32000000000000e+002    3.83118684955729e-004
 4.34000000000000e+002    3.71060259911077e-004
 4.35000000000000e+002    3.65174127254838e-004
 4.36000000000000e+002    3.65174127254838e-004
 4.37000000000000e+002    3.59381366380463e-004
 4.39000000000000e+002    3.53680496130432e-004
 4.41000000000000e+002    3.42548619978693e-004
 4.42000000000000e+002    3.37114767755096e-004
 4.45000000000000e+002    3.26504287718369e-004
 4.47000000000000e+002    3.16227766016838e-004
 4.49000000000000e+002    3.11211441765873e-004
 4.50000000000000e+002    3.06274691517241e-004
 4.52000000000000e+002    3.01416252987739e-004
 4.53000000000000e+002    2.96634883917773e-004
 4.55000000000000e+002    2.87298483335366e-004
 4.56000000000000e+002    2.82741064588197e-004
 4.58000000000000e+002    2.78255940220712e-004
 4.60000000000000e+002    2.73841963426436e-004
 4.63000000000000e+002    2.73841963426436e-004
 4.65000000000000e+002    2.69498005590695e-004
 4.67000000000000e+002    2.69498005590695e-004
 4.69000000000000e+002    2.65222956002041e-004
 4.71000000000000e+002    2.65222956002041e-004
 4.73000000000000e+002    2.61015721568254e-004
 4.75000000000000e+002    2.56875226536846e-004
 4.77000000000000e+002    2.56875226536846e-004
 4.79000000000000e+002    2.52800412220002e-004
 4.81000000000000e+002    2.52800412220002e-004
 4.84000000000000e+002    2.48790236723884e-004
 4.86000000000000e+002    2.48790236723884e-004
 4.90000000000000e+002    2.48790236723884e-004
 4.93000000000000e+002    2.48790236723884e-004
 4.96000000000000e+002    2.48790236723884e-004
 5.00000000000000e+002    2.48790236723884e-004
 5.05000000000000e+002    2.48790236723884e-004
 5.08000000000000e+002    2.48790236723884e-004
 5.11000000000000e+002    2.52800412220002e-004
 5.14000000000000e+002    2.56875226536846e-004
 5.17000000000000e+002    2.65222956002041e-004
 5.19000000000000e+002    2.73841963426436e-004
 5.21000000000000e+002    2.78255940220712e-004
 5.24000000000000e+002    2.87298483335366e-004
 5.27000000000000e+002    2.96634883917773e-004
 5.31000000000000e+002    3.06274691517241e-004
 5.35000000000000e+002    3.21324946899706e-004
 5.38000000000000e+002    3.31767112784286e-004
 5.40000000000000e+002    3.42548619978693e-004
 5.43000000000000e+002    3.53680496130432e-004
 5.46000000000000e+002    3.71060259911077e-004
 5.48000000000000e+002    3.83118684955729e-004
 5.52000000000000e+002    4.01945033361513e-004
 5.55000000000000e+002    4.15007127529240e-004
 5.59000000000000e+002    4.42418555384792e-004
 5.63000000000000e+002    4.71640521728088e-004
 5.65000000000000e+002    4.94816809215514e-004
 5.68000000000000e+002    5.19131973192458e-004
 5.71000000000000e+002    5.62341325190349e-004
 5.74000000000000e+002    5.89974625592357e-004
 5.76000000000000e+002    6.28942744001098e-004
 5.80000000000000e+002    6.81292069057961e-004
 5.83000000000000e+002    7.14770576794186e-004
 5.85000000000000e+002    7.61981530051089e-004
 5.88000000000000e+002    8.12310790328159e-004
 5.89000000000000e+002    8.65964323360066e-004
 5.91000000000000e+002    9.38041866639814e-004
 5.93000000000000e+002    1.00000000000000e-003
 5.94000000000000e+002    1.08323384848013e-003
 5.97000000000000e+002    1.15478198468946e-003
 5.99000000000000e+002    1.27106179961475e-003
 6.00000000000000e+002    1.37685716485276e-003
 6.02000000000000e+002    1.44451555299301e-003
 6.04000000000000e+002    1.56474814165802e-003
 6.05000000000000e+002    1.66810053720006e-003
 6.07000000000000e+002    1.77827941003892e-003
 6.09000000000000e+002    1.95734178148766e-003
 6.10000000000000e+002    2.08662518283870e-003
 6.12000000000000e+002    2.22444781735943e-003
 6.14000000000000e+002    2.33375658058233e-003
 6.17000000000000e+002    2.37137370566166e-003
 6.19000000000000e+002    2.40959716994148e-003
 6.24000000000000e+002    2.48790236723884e-003
 6.27000000000000e+002    2.56875226536846e-003
 6.31000000000000e+002    2.61015721568254e-003
 6.36000000000000e+002    2.69498005590695e-003
 6.38000000000000e+002    2.73841963426436e-003
 6.41000000000000e+002    2.82741064588197e-003
 6.44000000000000e+002    2.87298483335366e-003
 6.49000000000000e+002    2.91929361753727e-003
 6.53000000000000e+002    3.01416252987739e-003
 6.57000000000000e+002    3.06274691517242e-003
 6.61000000000000e+002    3.16227766016838e-003
 6.64000000000000e+002    3.21324946899706e-003
 6.68000000000000e+002    3.31767112784286e-003
 6.74000000000000e+002    3.48070058842841e-003
 6.78000000000000e+002    3.65174127254838e-003
 6.85000000000000e+002    3.89294060576356e-003
 6.90000000000000e+002    4.08423865267452e-003
 6.96000000000000e+002    4.42418555384792e-003
 7.01000000000000e+002    4.79242754388487e-003
 7.06000000000000e+002    5.10896977450693e-003
 7.10000000000000e+002    5.44641977741133e-003
 7.16000000000000e+002    5.89974625592356e-003
 7.18000000000000e+002    6.28942744001098e-003
 7.20000000000000e+002    6.70484726075235e-003
 7.21000000000000e+002    7.03432163904605e-003
 7.23000000000000e+002    7.37998629904645e-003
 7.24000000000000e+002    7.86743807659940e-003
 7.25000000000000e+002    8.25404185268019e-003
 7.27000000000000e+002    8.65964323360065e-003
 7.28000000000000e+002    9.08517575651687e-003
 7.30000000000000e+002    9.84136989885013e-003
 7.32000000000000e+002    1.03249721500099e-002
 7.33000000000000e+002    1.11843593175053e-002
 7.35000000000000e+002    1.19230918312518e-002
 7.37000000000000e+002    1.25089893343068e-002
 7.38000000000000e+002    1.33352143216332e-002
 7.40000000000000e+002    1.42160118816463e-002
 7.42000000000000e+002    1.49145828549089e-002
 7.42000000000000e+002    1.53992652605949e-002
 7.43000000000000e+002    1.58996984946257e-002
 7.45000000000000e+002    1.64163944150564e-002
 7.47000000000000e+002    1.72230915900071e-002
 7.49000000000000e+002    1.80694296456299e-002
 7.52000000000000e+002    1.89573565240638e-002
 7.55000000000000e+002    1.98889158887967e-002
 7.57000000000000e+002    2.08662518283870e-002
 7.60000000000000e+002    2.22444781735943e-002
 7.63000000000000e+002    2.33375658058233e-002
 7.66000000000000e+002    2.44843674682223e-002
 7.67000000000000e+002    2.52800412220002e-002
 7.68000000000000e+002    2.56875226536846e-002
 7.69000000000000e+002    2.61015721568254e-002
 7.71000000000000e+002    2.61015721568254e-002
 7.73000000000000e+002    2.61015721568254e-002
 7.74000000000000e+002    2.56875226536846e-002
 7.76000000000000e+002    2.56875226536846e-002
 7.78000000000000e+002    2.56875226536846e-002
 7.79000000000000e+002    2.52800412220002e-002
 7.81000000000000e+002    2.52800412220002e-002
 7.83000000000000e+002    2.52800412220002e-002
 7.85000000000000e+002    2.52800412220002e-002
 7.85000000000000e+002    2.48790236723884e-002
 7.87000000000000e+002    2.48790236723884e-002
 7.88000000000000e+002    2.48790236723884e-002
 7.90000000000000e+002    2.44843674682223e-002
 7.93000000000000e+002    2.44843674682223e-002
 7.94000000000000e+002    2.40959716994148e-002
 7.96000000000000e+002    2.40959716994148e-002
 7.98000000000000e+002    2.37137370566166e-002
 8.00000000000000e+002    2.33375658058233e-002
 8.03000000000000e+002    2.29673617633864e-002
 8.05000000000000e+002    2.26030302714192e-002
 8.07000000000000e+002    2.22444781735943e-002
 8.09000000000000e+002    2.18916137913240e-002
 8.12000000000000e+002    2.12025887075183e-002
 8.15000000000000e+002    2.08662518283870e-002
 8.18000000000000e+002    2.02094993819108e-002
 8.21000000000000e+002    1.98889158887967e-002
 8.25000000000000e+002    1.98889158887967e-002
 8.29000000000000e+002    1.98889158887967e-002
 8.31000000000000e+002    1.98889158887967e-002
 8.33000000000000e+002    2.05352502645715e-002
 8.35000000000000e+002    2.15443469003188e-002
 8.37000000000000e+002    2.22444781735943e-002
 8.39000000000000e+002    2.29673617633864e-002
 8.41000000000000e+002    2.37137370566166e-002
 8.42000000000000e+002    2.40959716994148e-002
 8.43000000000000e+002    2.52800412220002e-002
 8.44000000000000e+002    2.61015721568254e-002
 8.45000000000000e+002    2.73841963426436e-002
 8.46000000000000e+002    2.78255940220713e-002
 8.48000000000000e+002    2.82741064588197e-002
 8.51000000000000e+002    2.87298483335367e-002
 8.53000000000000e+002    2.96634883917773e-002
 8.55000000000000e+002    3.06274691517241e-002
 8.57000000000000e+002    3.21324946899706e-002
 8.60000000000000e+002    3.37114767755096e-002
 8.63000000000000e+002    3.53680496130432e-002
 8.65000000000000e+002    3.71060259911077e-002
 8.67000000000000e+002    3.89294060576356e-002
 8.70000000000000e+002    4.08423865267452e-002
 8.72000000000000e+002    4.28493703379500e-002
 8.75000000000000e+002    4.42418555384792e-002
 8.77000000000000e+002    4.42418555384792e-002
 8.80000000000000e+002    4.49549767900182e-002
 8.84000000000000e+002    4.71640521728088e-002
 8.86000000000000e+002    4.79242754388487e-002
 8.90000000000000e+002    5.02792613529676e-002
 8.92000000000000e+002    5.10896977450693e-002
 8.94000000000000e+002    5.27499706370262e-002
 8.97000000000000e+002    5.44641977741133e-002
 8.98000000000000e+002    5.62341325190349e-002
 9.01000000000000e+002    5.62341325190349e-002
 9.04000000000000e+002    5.62341325190349e-002
 9.06000000000000e+002    5.71405537003597e-002
 9.08000000000000e+002    5.80615852138999e-002
 9.11000000000000e+002    5.89974625592357e-002
 9.14000000000000e+002    5.99484250318941e-002
 9.17000000000000e+002    6.18965818891260e-002
 9.19000000000000e+002    6.39080484186031e-002
 9.22000000000000e+002    6.59848820083559e-002
 9.24000000000000e+002    6.81292069057962e-002
 9.26000000000000e+002    6.92273612373378e-002
 9.29000000000000e+002    6.92273612373378e-002
 9.31000000000000e+002    6.92273612373378e-002
 9.33000000000000e+002    7.14770576794185e-002
 9.35000000000000e+002    7.37998629904645e-002
 9.37000000000000e+002    7.86743807659940e-002
 9.38000000000000e+002    8.25404185268018e-002
 9.39000000000000e+002    8.52227522539387e-002
 9.40000000000000e+002    8.94105752159481e-002
 9.41000000000000e+002    9.38041866639815e-002
 9.42000000000000e+002    9.84136989885013e-002
 9.43000000000000e+002    1.01611870123573e-001
 9.44000000000000e+002    1.04913972913631e-001
 9.45000000000000e+002    1.08323384848013e-001
 9.46000000000000e+002    1.11843593175053e-001
 9.47000000000000e+002    1.21152765862859e-001
 9.48000000000000e+002    1.27106179961474e-001
 9.49000000000000e+002    1.37685716485276e-001
 9.51000000000000e+002    1.49145828549089e-001
 9.52000000000000e+002    1.58996984946257e-001
 9.54000000000000e+002    1.66810053720006e-001
 9.56000000000000e+002    1.80694296456299e-001
 9.58000000000000e+002    1.92629244900944e-001
 9.60000000000000e+002    2.05352502645715e-001
 9.61000000000000e+002    2.18916137913240e-001
 9.63000000000000e+002    2.40959716994148e-001
 9.66000000000000e+002    2.65222956002041e-001
 9.68000000000000e+002    2.87298483335367e-001
 9.70000000000000e+002    3.11211441765873e-001
 9.72000000000000e+002    3.31767112784286e-001
 9.74000000000000e+002    3.53680496130432e-001
 9.75000000000000e+002    3.83118684955729e-001
 9.76000000000000e+002    3.89294060576356e-001
 9.78000000000000e+002    3.95568975231630e-001
 9.82000000000000e+002    4.01945033361512e-001
 9.84000000000000e+002    4.08423865267452e-001
 9.86000000000000e+002    4.15007127529240e-001
 9.89000000000000e+002    4.21696503428582e-001
 9.92000000000000e+002    4.35400465365665e-001
 9.94000000000000e+002    4.42418555384792e-001
 9.97000000000000e+002    4.49549767900182e-001
 1.00000000000000e+003    4.49549767900182e-001
 1.00300000000000e+003    4.49549767900182e-001
 1.00500000000000e+003    4.42418555384792e-001
 1.00800000000000e+003    4.28493703379500e-001
 1.01100000000000e+003    4.21696503428582e-001
 1.01400000000000e+003    4.15007127529240e-001
 1.01600000000000e+003    4.15007127529240e-001
 1.01800000000000e+003    4.08423865267452e-001
 1.02000000000000e+003    3.95568975231630e-001
 1.02300000000000e+003    3.83118684955729e-001
 1.02500000000000e+003    3.71060259911077e-001
 1.02700000000000e+003    3.65174127254838e-001
 1.02800000000000e+003    3.59381366380463e-001
 1.03200000000000e+003    3.42548619978693e-001
 1.03300000000000e+003    3.37114767755096e-001
 1.03600000000000e+003    3.26504287718369e-001
 1.03700000000000e+003    3.16227766016838e-001
 1.04000000000000e+003    3.06274691517242e-001
 1.04200000000000e+003    2.91929361753727e-001
 1.04400000000000e+003    2.87298483335367e-001
 1.04600000000000e+003    2.78255940220713e-001
 1.04900000000000e+003    2.69498005590695e-001
 1.05000000000000e+003    2.56875226536846e-001
 1.05200000000000e+003    2.48790236723884e-001
 1.05400000000000e+003    2.37137370566166e-001
 1.05600000000000e+003    2.26030302714192e-001
 1.05800000000000e+003    2.15443469003188e-001
 1.05900000000000e+003    2.08662518283870e-001
 1.06200000000000e+003    1.89573565240638e-001
 1.06400000000000e+003    1.80694296456299e-001
 1.06600000000000e+003    1.69498815139035e-001
 1.06800000000000e+003    1.64163944150564e-001
 1.06900000000000e+003    1.58996984946257e-001
 1.07100000000000e+003    1.53992652605949e-001
 1.07300000000000e+003    1.49145828549089e-001
 1.07600000000000e+003    1.46779926762207e-001
 1.07800000000000e+003    1.42160118816463e-001
 1.07900000000000e+003    1.37685716485276e-001
 1.08100000000000e+003    1.35501606571981e-001
 1.08300000000000e+003    1.31236776819637e-001
 1.08500000000000e+003    1.27106179961474e-001
 1.08700000000000e+003    1.25089893343068e-001
 1.08900000000000e+003    1.21152765862859e-001
 1.09100000000000e+003    1.19230918312518e-001
 1.09400000000000e+003    1.19230918312518e-001
 1.09600000000000e+003    1.21152765862859e-001
 1.09900000000000e+003    1.23105591099685e-001
 1.10100000000000e+003    1.25089893343068e-001
 1.10300000000000e+003    1.25089893343068e-001
 1.10600000000000e+003    1.27106179961474e-001
 1.10800000000000e+003    1.27106179961474e-001
 1.11100000000000e+003    1.29154966501488e-001
 1.11300000000000e+003    1.33352143216332e-001
 1.11500000000000e+003    1.37685716485276e-001
 1.11700000000000e+003    1.39905031413729e-001
 1.12200000000000e+003    1.49145828549089e-001
 1.12600000000000e+003    1.56474814165802e-001
 1.12900000000000e+003    1.64163944150564e-001
 1.13100000000000e+003    1.69498815139035e-001
 1.13300000000000e+003    1.77827941003892e-001
 1.13500000000000e+003    1.92629244900944e-001
 1.13600000000000e+003    2.08662518283870e-001
 1.13700000000000e+003    2.22444781735943e-001
 1.13900000000000e+003    2.44843674682223e-001
 1.14000000000000e+003    2.61015721568254e-001
 1.14100000000000e+003    2.78255940220713e-001
 1.14200000000000e+003    2.91929361753727e-001
 1.14300000000000e+003    3.11211441765873e-001
 1.14300000000000e+003    3.26504287718369e-001
 1.14500000000000e+003    3.48070058842841e-001
 1.14500000000000e+003    3.59381366380463e-001
 1.14600000000000e+003    3.71060259911077e-001
 1.14700000000000e+003    3.95568975231630e-001
 1.14800000000000e+003    4.15007127529240e-001
 1.14900000000000e+003    4.42418555384792e-001
 1.15000000000000e+003    4.71640521728088e-001
 1.15100000000000e+003    4.86967525165863e-001
 1.15200000000000e+003    5.10896977450693e-001
 1.15500000000000e+003    5.44641977741133e-001
 1.15700000000000e+003    5.53420899060779e-001
 1.16100000000000e+003    5.71405537003597e-001
 1.16500000000000e+003    5.99484250318941e-001
 1.16800000000000e+003    6.18965818891260e-001
 1.17000000000000e+003    6.28942744001098e-001
 1.17400000000000e+003    6.70484726075234e-001
 1.17700000000000e+003    7.03432163904605e-001
 1.18100000000000e+003    7.37998629904645e-001
 1.18500000000000e+003    7.74263682681127e-001
 1.18800000000000e+003    8.12310790328160e-001
 1.19200000000000e+003    8.52227522539387e-001
 1.19400000000000e+003    8.79922543569107e-001
 1.19800000000000e+003    9.08517575651687e-001
 1.20200000000000e+003    9.38041866639814e-001
 1.20500000000000e+003    9.68525614859935e-001
 1.20900000000000e+003    9.84136989885013e-001
 1.21200000000000e+003    1.01611870123573e+000
 1.21400000000000e+003    1.03249721500099e+000
 1.21700000000000e+003    1.03249721500099e+000
 1.22100000000000e+003    1.03249721500099e+000
 1.22500000000000e+003    1.03249721500099e+000
 1.22900000000000e+003    1.03249721500099e+000
 1.23300000000000e+003    1.03249721500099e+000
 1.23700000000000e+003    1.01611870123573e+000
 1.24100000000000e+003    1.00000000000000e+000
 1.24500000000000e+003    9.84136989885013e-001
 1.25000000000000e+003    9.68525614859935e-001
 1.25300000000000e+003    9.53161883234787e-001
 1.25700000000000e+003    9.38041866639814e-001
 1.26100000000000e+003    9.23161699021026e-001
 1.26400000000000e+003    9.08517575651687e-001
 1.26800000000000e+003    9.08517575651687e-001
 1.27200000000000e+003    8.94105752159481e-001
 1.27500000000000e+003    8.79922543569107e-001
 1.27900000000000e+003    8.79922543569107e-001
 1.28300000000000e+003    8.79922543569107e-001
 1.28800000000000e+003    8.79922543569107e-001
 1.29200000000000e+003    8.79922543569107e-001
 1.29600000000000e+003    8.79922543569107e-001
 1.30000000000000e+003    8.94105752159481e-001
 1.30300000000000e+003    9.08517575651687e-001
 1.30800000000000e+003    9.23161699021026e-001
 1.31200000000000e+003    9.38041866639814e-001
 1.31500000000000e+003    9.53161883234787e-001
 1.31900000000000e+003    9.68525614859935e-001
 1.32300000000000e+003    1.00000000000000e+000
 1.32900000000000e+003    1.03249721500099e+000
 1.33500000000000e+003    1.06605049898479e+000
 1.33900000000000e+003    1.10069417125221e+000
 1.34300000000000e+003    1.13646366638572e+000
 1.34800000000000e+003    1.21152765862859e+000
 1.35100000000000e+003    1.25089893343068e+000
 1.35500000000000e+003    1.31236776819637e+000
 1.35900000000000e+003    1.35501606571981e+000
 1.36200000000000e+003    1.42160118816463e+000
 1.36500000000000e+003    1.46779926762207e+000
 1.36900000000000e+003    1.56474814165802e+000
 1.37300000000000e+003    1.64163944150564e+000
 1.37600000000000e+003    1.72230915900071e+000
 1.37800000000000e+003    1.77827941003892e+000
 1.38100000000000e+003    1.86566357857691e+000
 1.38400000000000e+003    1.95734178148766e+000
 1.38800000000000e+003    2.12025887075183e+000
 1.39100000000000e+003    2.22444781735943e+000
 1.39400000000000e+003    2.37137370566166e+000
 1.39700000000000e+003    2.48790236723884e+000
 1.39900000000000e+003    2.61015721568254e+000
 1.40100000000000e+003    2.73841963426436e+000
 1.40200000000000e+003    2.87298483335366e+000
 1.40400000000000e+003    3.01416252987739e+000
 1.40500000000000e+003    3.16227766016838e+000
 1.40600000000000e+003    3.31767112784286e+000
 1.40800000000000e+003    3.48070058842841e+000
 1.40900000000000e+003    3.65174127254838e+000
 1.41100000000000e+003    3.95568975231630e+000
 1.41300000000000e+003    4.28493703379500e+000
 1.41500000000000e+003    4.56795926299557e+000
 1.41600000000000e+003    4.79242754388487e+000
 1.41800000000000e+003    5.19131973192458e+000
 1.42000000000000e+003    5.44641977741133e+000
 1.42100000000000e+003    5.80615852139000e+000
 1.42300000000000e+003    6.18965818891261e+000
 1.42400000000000e+003    6.59848820083559e+000
 1.42500000000000e+003    6.92273612373379e+000
 1.42700000000000e+003    7.14770576794186e+000
 1.42900000000000e+003    7.49894209332456e+000
 1.43000000000000e+003    7.86743807659939e+000
 1.43200000000000e+003    8.52227522539387e+000
 1.43300000000000e+003    8.94105752159482e+000
 1.43600000000000e+003    9.68525614859934e+000
 1.43800000000000e+003    1.03249721500099e+001
 1.44100000000000e+003    1.13646366638572e+001
 1.44300000000000e+003    1.23105591099685e+001
 1.44500000000000e+003    1.31236776819637e+001
 1.44700000000000e+003    1.37685716485276e+001
 1.44900000000000e+003    1.46779926762207e+001
 1.45100000000000e+003    1.53992652605949e+001
 1.45300000000000e+003    1.64163944150564e+001
 1.45600000000000e+003    1.77827941003892e+001
 1.45800000000000e+003    1.89573565240638e+001
 1.46000000000000e+003    1.98889158887967e+001
 1.46200000000000e+003    2.12025887075183e+001
 1.46400000000000e+003    2.26030302714192e+001
 1.46700000000000e+003    2.29673617633863e+001
 1.47000000000000e+003    2.37137370566166e+001
 1.47200000000000e+003    2.44843674682223e+001
 1.47500000000000e+003    2.56875226536846e+001
 1.47800000000000e+003    2.65222956002041e+001
 1.48100000000000e+003    2.78255940220713e+001
 1.48300000000000e+003    2.82741064588197e+001
 1.48500000000000e+003    2.87298483335366e+001
 1.48800000000000e+003    2.87298483335366e+001
 1.49300000000000e+003    2.87298483335366e+001
 1.49800000000000e+003    2.87298483335366e+001
 1.50200000000000e+003    2.87298483335366e+001
 1.50600000000000e+003    2.78255940220713e+001
 1.50800000000000e+003    2.73841963426436e+001
 1.51100000000000e+003    2.61015721568254e+001
 1.51200000000000e+003    2.56875226536846e+001
 1.51400000000000e+003    2.48790236723883e+001
 1.51700000000000e+003    2.37137370566166e+001
 1.52100000000000e+003    2.26030302714192e+001
 1.52400000000000e+003    2.15443469003188e+001
 1.52700000000000e+003    2.05352502645715e+001
 1.53100000000000e+003    1.98889158887967e+001
 1.53500000000000e+003    1.92629244900944e+001
 1.53800000000000e+003    1.86566357857691e+001
 1.54100000000000e+003    1.83606853835879e+001
 1.54400000000000e+003    1.77827941003892e+001
 1.54700000000000e+003    1.72230915900071e+001
 1.55100000000000e+003    1.66810053720006e+001
 1.55300000000000e+003    1.61559809843987e+001
 1.56000000000000e+003    1.51549865600027e+001
 1.56400000000000e+003    1.44451555299301e+001
 1.56800000000000e+003    1.39905031413729e+001
 1.57100000000000e+003    1.33352143216332e+001
 1.57600000000000e+003    1.29154966501488e+001
 1.58100000000000e+003    1.25089893343068e+001
 1.58400000000000e+003    1.21152765862859e+001
 1.58700000000000e+003    1.19230918312518e+001
 1.58900000000000e+003    1.15478198468946e+001
 1.59400000000000e+003    1.11843593175053e+001
 1.59600000000000e+003    1.08323384848013e+001
 1.60000000000000e+003    1.04913972913631e+001
 1.60400000000000e+003    1.01611870123573e+001
 1.60800000000000e+003    9.68525614859934e+000
 1.61200000000000e+003    9.38041866639814e+000
 1.61600000000000e+003    8.94105752159482e+000
 1.62000000000000e+003    8.65964323360065e+000
 1.62500000000000e+003    8.25404185268019e+000
 1.63000000000000e+003    7.86743807659939e+000
 1.63400000000000e+003    7.61981530051090e+000
 1.63900000000000e+003    7.26291750173621e+000
 1.64300000000000e+003    7.14770576794186e+000
 1.64600000000000e+003    6.92273612373379e+000
 1.64800000000000e+003    6.81292069057961e+000
